timestamp,bonn-bcp-parken-Rabinstrasse,bonn-bcp-parken-beethoven,bonn-bcp-parken-beetplatz,bonn-bcp-parken-bike-ride,bonn-bcp-parken-friedensplatz,bonn-bcp-parken-hauptbahnhof,bonn-bcp-parken-karstadt,bonn-bcp-parken-markt,bonn-bcp-parken-muensterplatz,bonn-bcp-parken-operngarage,bonn-bcp-parken-rheinaue,bonn-bcp-parken-stadthaus,bonn-bcp-parken-unigarage,braunschweig-parken-Parkhaus-Eiermarkt,braunschweig-parken-Parkhaus-Forschungsflughafen,braunschweig-parken-Parkhaus-Lange-Str-Nord,braunschweig-parken-Parkhaus-Magni,braunschweig-parken-Parkhaus-Packhof,braunschweig-parken-Parkhaus-Ring-Center,braunschweig-parken-Parkhaus-Schloss,braunschweig-parken-Parkhaus-Schutzenstrasse,braunschweig-parken-Parkhaus-Wallstrasse,braunschweig-parken-Parkhaus-Wilhelmstrasse,dresden-parken-Altmarkt,dresden-parken-Altmarkt-Galerie,dresden-parken-Ammonstrasse-Bus,dresden-parken-An-der-Frauenkirche,dresden-parken-Bahnhof-Neustadt,dresden-parken-Bluherstrasse,dresden-parken-Budapester-Strasse,dresden-parken-Centrum-Galerie,dresden-parken-Cossebaude,dresden-parken-Ferdinandplatz,dresden-parken-Fidelio-F-Finke-Strasse,dresden-parken-Frauenkirche-Neumarkt,dresden-parken-Freiberger-Platz,dresden-parken-GALERIA-Karstadt-Kaufhof,dresden-parken-Gompitz,dresden-parken-Grenzstrasse,dresden-parken-Haus-am-Zwinger,dresden-parken-Kaditz,dresden-parken-Klotzsche,dresden-parken-Kongresszentrum,dresden-parken-Kraftwerk-Mitte,dresden-parken-Langebruck,dresden-parken-Lindengasse,dresden-parken-Lingnerallee,dresden-parken-MESSE-DRESDEN-Parkplatz-P7,dresden-parken-Ostra-Allee,dresden-parken-Ostra-Ufer,dresden-parken-Palaisplatz,dresden-parken-Parkhaus-Mitte,dresden-parken-Pennrich,dresden-parken-Pieschener-Allee-Bus,dresden-parken-Pirnaische-Strasse,dresden-parken-Pirnaischer-Platz,dresden-parken-Prohlis,dresden-parken-Reick,dresden-parken-Reitbahnstrasse,dresden-parken-SP1-Strassburger-Platz,dresden-parken-SachsenEnergie-Center,dresden-parken-Sarrasanistrasse,dresden-parken-Schiessgasse,dresden-parken-Semperoper,dresden-parken-Stadtforum-Dresden,dresden-parken-Strehlener-Strasse,dresden-parken-Taschenbergpalais,dresden-parken-Terrassenufer,dresden-parken-Terrassenufer-Bus,dresden-parken-Theresienstrasse,dresden-parken-Weissig,dresden-parken-Weixdorf-Bad,dresden-parken-Wiener-Platz-Hauptbahnhof,dresden-parken-Wiesentorstrasse,dresden-parken-Wigardstrasse,dresden-parken-Wohrl-Florentinum,dresden-parken-World-Trade-Center,ffh-parken-bad-homburg-Am-Bahnhof,ffh-parken-bad-homburg-Louisen-Arkaden,ffh-parken-bad-homburg-Parkgarage-Karstadt,ffh-parken-bad-homburg-Parkgarage-Kurhaus,ffh-parken-bad-homburg-Parkgarage-Rathaus,ffh-parken-bad-homburg-Parkgarage-Schloss,ffh-parken-bad-homburg-Parkhaus-La-Vie,ffh-parken-bad-homburg-Parkhaus-am-Guterbahnhof,ffh-parken-bad-homburg-Parkhaus-am-Markt,ffh-parken-frankfurt-Aculeum,ffh-parken-frankfurt-Alt-Sachsenhausen,ffh-parken-frankfurt-Alte-Oper,ffh-parken-frankfurt-Am-Gericht,ffh-parken-frankfurt-Am-Theater,ffh-parken-frankfurt-Baseler-Platz,ffh-parken-frankfurt-Borse,ffh-parken-frankfurt-Burgerhaus-Bornheim,ffh-parken-frankfurt-City-Parkhaus-Ost,ffh-parken-frankfurt-Congresscenter-Messe-Frankfurt-Maritim-Hotel,ffh-parken-frankfurt-Friedrichsheim,ffh-parken-frankfurt-Goetheplatz,ffh-parken-frankfurt-Hauptbahnhof-Sud,ffh-parken-frankfurt-Hotel-Intercontinental,ffh-parken-frankfurt-Hotel-Movenpick,ffh-parken-frankfurt-Junghofstrasse,ffh-parken-frankfurt-Konrad-Adenauer-Strasse,ffh-parken-frankfurt-Konstabler,ffh-parken-frankfurt-Mainzer-Landstrasse,ffh-parken-frankfurt-Messeturm,ffh-parken-frankfurt-Mousonturm,ffh-parken-frankfurt-MyZeil-PalaisQuartier,ffh-parken-frankfurt-Opernturm,ffh-parken-frankfurt-Ordnungsamt,ffh-parken-frankfurt-P-R-Haus-Borsigallee,ffh-parken-frankfurt-Parkhaus-Hauptwache,ffh-parken-frankfurt-Schiller-Passage,ffh-parken-frankfurt-Universitatsklinikum-Innengelande,ffh-parken-frankfurt-Universitatsklinikum-P2,ffh-parken-frankfurt-Universitatsklinikum-P5,ffh-parken-frankfurt-Universitatsklinikum-Sandhofstrasse,ffh-parken-frankfurt-Untermainanlage,ffh-parken-kassel-Atrium,ffh-parken-kassel-City-Point,ffh-parken-kassel-Friedrichsplatz,ffh-parken-kassel-Galeria,ffh-parken-kassel-Herkules-Besucherzentrum,ffh-parken-kassel-Kurfursten-Galerie,ffh-parken-kassel-Martinskirche,ffh-parken-kassel-Rathaus,ffh-parken-kassel-Schloss-Wilhelmshohe,ffh-parken-kassel-Wilhelmsstrasse,ffh-parken-mannheim-C1-Hauptverwaltung-MPB-Parkhaus,ffh-parken-mannheim-Collini-Center-Mulde-Parkplatz,ffh-parken-mannheim-D3-Tiefgarage,ffh-parken-mannheim-D5-Reiss-Museum-Tiefgarage,ffh-parken-mannheim-G1-Marktplatz-Tiefgarage,ffh-parken-mannheim-H6-Tiefgarage,ffh-parken-mannheim-Hauptbahnhof-P1-Tiefgarage,ffh-parken-mannheim-Hauptbahnhof-P2-Parkhaus,ffh-parken-mannheim-Hauptbahnhof-P3-Parkhaus,ffh-parken-mannheim-Hauptbahnhof-P5-Parkhaus,ffh-parken-mannheim-Klinikum-P3-Parkplatz,ffh-parken-mannheim-Klinikum-Tiefgarage,ffh-parken-mannheim-M4a-Parkplatz,ffh-parken-mannheim-N1-N2-Stadthaus-Parkhaus,ffh-parken-mannheim-N6-Komforthaus,ffh-parken-mannheim-N6-Standardhaus,ffh-parken-mannheim-SAP-Arena-P1-Parkplatz,ffh-parken-mannheim-SAP-Arena-P2-Parkplatz,ffh-parken-mannheim-SAP-Arena-P3-Parkplatz,ffh-parken-mannheim-SAP-Arena-P6-P8-Parkplatz,ffh-parken-mannheim-U2-Tiefgarage,ffh-parken-wiesbaden-PH-City-II,ffh-parken-wiesbaden-PH-Coulinstr,ffh-parken-wiesbaden-PH-Karstadt,ffh-parken-wiesbaden-PH-Kurhaus-Casino,ffh-parken-wiesbaden-PH-Lili,ffh-parken-wiesbaden-PH-Luisenforum,ffh-parken-wiesbaden-PH-Markt,ffh-parken-wiesbaden-PH-Theater,ffh-parken-wiesbaden-TG-Lili,ffh-parken-wiesbaden-TG-RMCC,heilbronn-parken-Am-Bollwerksturm,heilbronn-parken-Bildungscampus-Mitte,heilbronn-parken-E-Quartiersgarage-Neckarbogen,heilbronn-parken-Harmonie,heilbronn-parken-Kathchenhof,heilbronn-parken-Kiliansplatz,heilbronn-parken-P-R-Karlsruher-Strasse,heilbronn-parken-Parkhaus-Experimenta,heilbronn-parken-Parkplatz-Hauptbahnhof,heilbronn-parken-Stadtgalerie,heilbronn-parken-Theaterforum-K3,heilbronn-parken-Wollhaus,ingolstadt-parken-Arena,ingolstadt-parken-Congressgarage,ingolstadt-parken-Festplatz,ingolstadt-parken-Hallenbad,ingolstadt-parken-Hauptbahnhof-Ost,ingolstadt-parken-Hauptbahnhof-West,ingolstadt-parken-Munster,ingolstadt-parken-Nordbahnhof,ingolstadt-parken-Reduit-Tilly,ingolstadt-parken-Schloss,ingolstadt-parken-Theater-Ost,ingolstadt-parken-Theater-West,koeln-apps-parken-Alte-Wallgasse,koeln-apps-parken-Altstadt-Nord-P7,koeln-apps-parken-Am-Neumarkt,koeln-apps-parken-An-Farina,koeln-apps-parken-BP-Lungengasse,koeln-apps-parken-Bazaar-de-Cologne,koeln-apps-parken-Bruck-Mauspfad,koeln-apps-parken-Bruckenstrasse,koeln-apps-parken-Dom,koeln-apps-parken-Gross-St-Martin,koeln-apps-parken-Gurzenich,koeln-apps-parken-Hauptbahnhof,koeln-apps-parken-Heumarkt,koeln-apps-parken-Hohe-Strasse,koeln-apps-parken-Im-Klapperhof,koeln-apps-parken-KSK-Richmodstr-geschlosssen,koeln-apps-parken-Kaiser-Wilhelm-Ring,koeln-apps-parken-Karstadt,koeln-apps-parken-Kaufhof,koeln-apps-parken-Koln-Arcaden,koeln-apps-parken-Lanxess-Arena-P1,koeln-apps-parken-Lanxess-Arena-P2,koeln-apps-parken-Lanxess-Arena-P3,koeln-apps-parken-Lanxess-Arena-P4,koeln-apps-parken-Maastrichter-Strasse,koeln-apps-parken-Maritim,koeln-apps-parken-Marsdorf-P-R,koeln-apps-parken-Mediapark,koeln-apps-parken-Opern-Passagen,koeln-apps-parken-P-R-Stadion-P2,koeln-apps-parken-Philharmonie,koeln-apps-parken-Quincy,koeln-apps-parken-REWE-City,koeln-apps-parken-Ringkarree,koeln-apps-parken-Rudolfplatz,koeln-apps-parken-Schildergasse,koeln-apps-parken-Sparkasse-Schaafenstr-geschlossen,koeln-apps-parken-Stadion-P1,koeln-apps-parken-Stadion-P3,koeln-apps-parken-Stadion-P4,koeln-apps-parken-Stadion-P6,koeln-apps-parken-Stadion-P7,koeln-apps-parken-Stadion-P8-Bus,koeln-apps-parken-Stadion-P8-PKW,koeln-apps-parken-Stadtmitte-Cacilienstrasse,koeln-apps-parken-Theater-Krebsgasse,koeln-apps-parken-Wolfsstrasse,koeln-apps-parken-Zoo,konstanz-parken-Altstadt,konstanz-parken-Augustiner,konstanz-parken-Dobele,konstanz-parken-Fernbusbahnhof,konstanz-parken-Fischmarkt,konstanz-parken-Lago,konstanz-parken-Seerheincenter,mobil-potsdam-parken-Am-Kanal,mobil-potsdam-parken-Bahnhofspassagen-1,mobil-potsdam-parken-Bahnhofspassagen-2,mobil-potsdam-parken-Biosphare-Potsdam-Volkspark,mobil-potsdam-parken-Hollandisches-Viertel-Klinikum,mobil-potsdam-parken-Industrie-und-Handelskammer,mobil-potsdam-parken-Karstadt-Zentrum,mobil-potsdam-parken-Krongut-Bornstedt,mobil-potsdam-parken-Luisenplatz,mobil-potsdam-parken-Lustgarten,mobil-potsdam-parken-Markt-Center,mobil-potsdam-parken-Neuer-Garten-Cecilienhof,mobil-potsdam-parken-P-R-Bahnhof-Golm,mobil-potsdam-parken-P-R-Bahnhof-Griebnitzsee,mobil-potsdam-parken-P-R-Bahnhof-Marquardt,mobil-potsdam-parken-P-R-Bahnhof-Pirschheide,mobil-potsdam-parken-P-R-Campus-Jungfernsee,mobil-potsdam-parken-P-R-Rehbrucke,mobil-potsdam-parken-P-R-Wetzlarer-Strasse,mobil-potsdam-parken-Park-Sanssouci-P1-Historische-Muhle,mobil-potsdam-parken-Park-Sanssouci-P2-Voltaireweg,mobil-potsdam-parken-Park-Sanssouci-P3-Am-Neuen-Palais,mobil-potsdam-parken-Parkplatz-Schloss-und-Park-Babelsberg,mobil-potsdam-parken-Schiffbauergasse-Hans-Otto-Theater,mobil-potsdam-parken-Sportpark-Luftschiffhafen,mobil-potsdam-parken-Weberpark,mobil-potsdam-parken-Wilhelmgalerie,mobilitaet-jena-Am-Anger,mobilitaet-jena-Am-Gries,mobilitaet-jena-Am-Planetarium,mobilitaet-jena-Am-Stadion,mobilitaet-jena-August-Bebel-Strasse,mobilitaet-jena-Bachstrasse,mobilitaet-jena-Busbahnhof,mobilitaet-jena-City-Carree,mobilitaet-jena-Eichplatz,mobilitaet-jena-Eisenbahndamm,mobilitaet-jena-Erbertstrasse,mobilitaet-jena-Ernst-Abbe-Strasse,mobilitaet-jena-Ernst-Haeckel-Strasse,mobilitaet-jena-Gartenstrasse,mobilitaet-jena-Goethe-Galerie,mobilitaet-jena-Grietgasse,mobilitaet-jena-Haeckelplatz,mobilitaet-jena-Holzmarkt,mobilitaet-jena-Krautgasse,mobilitaet-jena-Lassallestrasse,mobilitaet-jena-Lessingstrasse,mobilitaet-jena-Muhlenstrasse,mobilitaet-jena-Neue-Mitte,mobilitaet-jena-Paradiesbahnhof,mobilitaet-jena-Philosophenweg,mobilitaet-jena-Roland-Ducke-Weg,mobilitaet-jena-Schlossgasse,mobilitaet-jena-Seidelparkplatz,mobilitaet-jena-Seidelstrasse,mobilitaet-jena-Semmelweissstrasse,mobilitaet-jena-Sophienstrasse,mobilitaet-jena-Spitzweidenweg,mobilitaet-jena-Steinkreuz,mobilitaet-jena-Stoystrasse,mobilitaet-jena-Wagnergasse,mobilitaet-jena-Westbahnhof,mobilitaet-jena-Wiesenstrasse,mobilitaet-jena-Windberg,mobilitaet-jena-Wollnitzer-Strasse,mobilitaet-jena-Ziegelmuhlenweg,oldenburg-service-parken-Altes-Gymnasium,oldenburg-service-parken-CCO-Parkdeck-1,oldenburg-service-parken-CCO-Parkdeck-2,oldenburg-service-parken-Parkhaus-Alter-Stadthafen-Cinemaxx,oldenburg-service-parken-Parkhaus-Am-Waffenplatz,oldenburg-service-parken-Parkhaus-August-Carree,oldenburg-service-parken-Parkhaus-Bahnhof-ZOB,oldenburg-service-parken-Parkhaus-Galeria-Kaufhof,oldenburg-service-parken-Parkhaus-Heiligengeist-Hoefe,oldenburg-service-parken-Parkhaus-Schlosshoefe,oldenburg-service-parken-Parkhaus-Theatergarage,oldenburg-service-parken-Parkplatz-Pferdemarkt,oldenburg-service-parken-Parkplatz-Theaterwall,oldenburg-service-parken-Ratsherren,paderborn-parken-P1-Konigsplatz,paderborn-parken-P10-Westernmauer,paderborn-parken-P11-Westerntor,paderborn-parken-P12-Rathenaustrasse,paderborn-parken-P13-Hauptbahnhof,paderborn-parken-P2-Florianstrasse,paderborn-parken-P3-Neuhauser-Tor,paderborn-parken-P4-Paderhalle-Maspernplatz,paderborn-parken-P5-Rolandsweg,paderborn-parken-P6-Liborigalerie,paderborn-parken-P7-Liboriberg,paderborn-parken-P8-Volksbank-Theater,paderborn-parken-P9-Domplatz,parken-in-bochum-P1-Husemannplatz,parken-in-bochum-P2-Dr-Ruer-Platz,parken-in-bochum-P3-Rathaus-BVZ,parken-in-bochum-P5-Bruckstrasse,parken-in-bochum-P6-Hauptbahnhof-Buddenbergplatz,parken-in-bochum-P7-Kurt-Schumacher-Platz,parken-in-bochum-P8-Konrad-Adenauer-Platz-Bermuda3Eck,parken-in-bochum-P9-Schauspielhaus,parken-in-bochum-PH-Alter-Markt-Wattenscheid,parken-in-bochum-PH-Bochumer-Fenster,parken-in-bochum-PH-Husemann-Karree,parken-in-bochum-PH-Massenbergstrasse,parken-in-bochum-PH-Quartiersgarage-Ostpark,parken-in-bochum-PH-Stadionring,parken-in-bochum-PH-Westpark-Jahrhunderthalle,parken-luebeck-Am-Bahnhof-Handelshof-Parkplatz-Strassenrand-Am-Bahnhof-Handelshof-Parkplatz-Strassenrand-Lubeck,parken-luebeck-Am-Burgfeld-Parkplatz-Am-Burgfeld-Parkplatz-Lubeck,parken-luebeck-Am-Fischereihafen-Parkplatz-Am-Fischereihafen-Parkplatz-Travemunde,parken-luebeck-Am-Leuchtenfeld-Leuchtturm-Parkplatz-Am-Leuchtenfeld-Leuchtturm-Parkplatz-Travemunde,parken-luebeck-Backbord-Parkplatz-Backbord-Parkplatz-Travemunde,parken-luebeck-Bahnhof-Parkplatz-Strassenrand-Bahnhof-Parkplatz-Strassenrand-Lubeck,parken-luebeck-Bauhof-Parkplatz-Bauhof-Parkplatz-Lubeck,parken-luebeck-Beckergrube-Parkplatz-Beckergrube-Parkplatz-Lubeck,parken-luebeck-Bruckenweg-Parkplatz-Bruckenweg-Parkplatz-Lubeck,parken-luebeck-Burgstrasse-Parkplatz-Burgstrasse-Parkplatz-Lubeck,parken-luebeck-Fahrstrasse-Parkplatz-Fahrstrasse-Parkplatz-Lubeck,parken-luebeck-Fahrvorplatz-Parkplatz-Fahrvorplatz-Parkplatz-Travemunde,parken-luebeck-Hafenbahnhof-Parkplatz-Hafenbahnhof-Parkplatz-Travemunde,parken-luebeck-Hermann-Lange-Strasse-Parkplatz-Hermann-Lange-Strasse-Parkplatz-Lubeck,parken-luebeck-Huxterdamm-Parkplatz-Huxterdamm-Parkplatz-Lubeck,parken-luebeck-Kanalstrasse-P2-Parkplatz-Kanalstrasse-P2-Parkplatz-Lubeck,parken-luebeck-Kanalstrasse-P3-Parkplatz-Kanalstrasse-P3-Parkplatz-Lubeck,parken-luebeck-Kanalstrasse-P4-Parkplatz-Kanalstrasse-P4-Parkplatz-Lubeck,parken-luebeck-Kanalstrasse-P5-Parkplatz-Kanalstrasse-P5-Parkplatz-Lubeck,parken-luebeck-Kanalstrasse-Strassenrand-Parkplatz-Kanalstrasse-Strassenrand-Parkplatz-Lubeck,parken-luebeck-Kirchenstrasse-Parkplatz-Kirchenstrasse-Parkplatz-Travemunde,parken-luebeck-Konrad-Adenauer-IHK-Parkplatz-Strassenrand-Konrad-Adenauer-IHK-Parkplatz-Strassenrand-Lubeck,parken-luebeck-Kowitzberg-Parkplatz-Kowitzberg-Parkplatz-Travemunde,parken-luebeck-Kurgartenstrasse-Parkplatz-Kurgartenstrasse-Parkplatz-Travemunde,parken-luebeck-Lastadie-P1-Parkplatz-Lastadie-P1-Parkplatz-Lubeck,parken-luebeck-Lastadie-P3-Parkplatz-Lastadie-P3-Parkplatz-Lubeck,parken-luebeck-Lastadie-P5-Parkplatz-Lastadie-P5-Parkplatz-Lubeck,parken-luebeck-Leuchtenfeld-Parkplatz-Leuchtenfeld-Parkplatz-Travemunde,parken-luebeck-Marlesgrube-Parkplatz-Marlesgrube-Parkplatz-Lubeck,parken-luebeck-Mowenstein-Parkplatz-Mowenstein-Parkplatz-Travemunde,parken-luebeck-MuK-Parkplatz-MuK-Parkplatz-Lubeck,parken-luebeck-Muhlenbrucke-Parkplatz-Muhlenbrucke-Parkplatz-Lubeck,parken-luebeck-Muhlendamm-Parkplatz-Muhlendamm-Parkplatz-Lubeck,parken-luebeck-Muhlenstrasse-Parkplatz-Muhlenstrasse-Parkplatz-Lubeck,parken-luebeck-Mullergarten-Parkplatz-Mullergarten-Parkplatz-Lubeck,parken-luebeck-Musterbahn-Parkplatz-Musterbahn-Parkplatz-Lubeck,parken-luebeck-Nordliche-Wallhalbinsel-Parkplatz-Nordliche-Wallhalbinsel-Parkplatz-Lubeck,parken-luebeck-Obertrave-Parkplatz-Strassenrand-Obertrave-Parkplatz-Strassenrand-Lubeck,parken-luebeck-Parade-Parkplatz-Parade-Parkplatz-Lubeck,parken-luebeck-Parkplatz-vor-dem-PH-Burgtor-Parkplatz-Parkplatz-vor-dem-PH-Burgtor-Parkplatz-Lubeck,parken-luebeck-Paul-Brummer-Strasse-Parkplatz-Paul-Brummer-Strasse-Parkplatz-Travemunde,parken-luebeck-Priwall-Parkplatz-Priwall-Parkplatz-Travemunde,parken-luebeck-Radisson-Blu-Parkplatz-Radisson-Blu-Parkplatz-Lubeck,parken-luebeck-Retteich-Parkplatz-Retteich-Parkplatz-Lubeck,parken-luebeck-Roeckstrasse-Parkplatz-Roeckstrasse-Parkplatz-Lubeck,parken-luebeck-Rose-Parkplatz-Rose-Parkplatz-Travemunde,parken-luebeck-Strandbahnhof-Parkplatz-Strandbahnhof-Parkplatz-Travemunde,parken-luebeck-Trelleborgallee-Parkplatz-Trelleborgallee-Parkplatz-Travemunde,parken-luebeck-Untertrave-Flache-1-Parkplatz-Strassenrand-Untertrave-Flache-1-Parkplatz-Strassenrand-Lubeck,parken-luebeck-Untertrave-Parkplatz-Untertrave-Parkplatz-Lubeck,parken-luebeck-Verwaltungszentrum-Muhlentor-Parkplatz-Verwaltungszentrum-Muhlentor-Parkplatz-Lubeck,parken-luebeck-Vogteistrasse-Parkplatz-Vogteistrasse-Parkplatz-Travemunde,parken-luebeck-Wallstrasse-Parkplatz-Wallstrasse-Parkplatz-Lubeck,parken-luebeck-Werner-Kock-Strasse-Parkplatz-Strassenrand-Werner-Kock-Strasse-Parkplatz-Strassenrand-Lubeck,parken-osnabrueck-11,parken-osnabrueck-13,parken-osnabrueck-16,parken-osnabrueck-17,parken-osnabrueck-18,parken-osnabrueck-19,parken-osnabrueck-21,parken-osnabrueck-22,parken-osnabrueck-23,parken-osnabrueck-24,parken-osnabrueck-25,parken-osnabrueck-26,parken-osnabrueck-27,parken-osnabrueck-28,parken-osnabrueck-29,parken-osnabrueck-30,parken-osnabrueck-31,parken-osnabrueck-32,parken-osnabrueck-33,parken-osnabrueck-34,parken-osnabrueck-35,parken-osnabrueck-36,parken-osnabrueck-37,parken-osnabrueck-38,parken-osnabrueck-39,parken-osnabrueck-40,parken-osnabrueck-41,parken-osnabrueck-43,parken-osnabrueck-44,parken-osnabrueck-45,parken-osnabrueck-46,parken-osnabrueck-49,parken-osnabrueck-50,parken-osnabrueck-51,regensburg-parken-Park-Ride-Parkplatz-Unterer-Wohrd,regensburg-parken-Park-Ride-Parkplatz-West,regensburg-parken-Parkhaus-Dachauplatz,regensburg-parken-Parkhaus-Dallmeier,regensburg-parken-Parkhaus-Regensburg-Arcaden,regensburg-parken-Parkhaus-St-Peters-Weg,regensburg-parken-Parkplatz-Dultplatz,regensburg-parken-Tiefgarage-Arnulfsplatz,regensburg-parken-Tiefgarage-Hauptbahnhof-Castra-Regina-Center,regensburg-parken-Tiefgarage-am-Theater-Bismarckplatz,reutlingen-parken-Am-Bahnhof,reutlingen-parken-Bahnhof,reutlingen-parken-Echaz-Zentrum,reutlingen-parken-Galeria-Kaufhof,reutlingen-parken-Gartentor-C-A-Mode,reutlingen-parken-Gartenviertel,reutlingen-parken-Kaiserpassage,reutlingen-parken-Klinikum-I,reutlingen-parken-Klinikum-II,reutlingen-parken-Konrad-Adenauer-Strasse-Eberhardstrasse,reutlingen-parken-Kronprinzenbau,reutlingen-parken-Lederstrasse,reutlingen-parken-Nordstern,reutlingen-parken-Obere-Wassere,reutlingen-parken-Parkgarage-Leonhardsplatz,reutlingen-parken-Parkhaus-Pomologie,reutlingen-parken-Rathaus-Tubinger-Tor,reutlingen-parken-Stadthalle,reutlingen-parken-Stadtmitte,reutlingen-parken-Unter-den-Linden,reutlingen-parken-Volksbank,swt-trier-parken-Basi,swt-trier-parken-City,swt-trier-parken-Hauptm,swt-trier-parken-Kons,swt-trier-parken-Osta,swt-trier-parken-ParkPlaza,swt-trier-parken-Vieh,tiefbauamt-nuernberg-parken-ADCOM-Center,tiefbauamt-nuernberg-parken-Adlerstrasse,tiefbauamt-nuernberg-parken-City-Park-Center,tiefbauamt-nuernberg-parken-Erler-Klinik,tiefbauamt-nuernberg-parken-Findelgasse,tiefbauamt-nuernberg-parken-Galeria-Kaufhof,tiefbauamt-nuernberg-parken-Hans-Sachs-Platz,tiefbauamt-nuernberg-parken-Hauptbahnhof,tiefbauamt-nuernberg-parken-Hauptmarkt,tiefbauamt-nuernberg-parken-Jakobsmarkt,tiefbauamt-nuernberg-parken-Katharinenhof,tiefbauamt-nuernberg-parken-PH-Nurnberger-Akademie,tiefbauamt-nuernberg-parken-Parkhaus-City-Point,tiefbauamt-nuernberg-parken-Parkhaus-Karstadt,tiefbauamt-nuernberg-parken-Parkhaus-Maximum,tiefbauamt-nuernberg-parken-Parkhaus-Wohrl,tiefbauamt-nuernberg-parken-Parkhausname,tiefbauamt-nuernberg-parken-Sebalder-Hofe,tiefbauamt-nuernberg-parken-Sterntor,tiefbauamt-nuernberg-parken-Theater,vmz-bremen-parken-Am-Bahnhof,vmz-bremen-parken-Am-Brill,vmz-bremen-parken-Am-Dom,vmz-bremen-parken-Am-Kuhhirten,vmz-bremen-parken-Am-Sedanplatz,vmz-bremen-parken-Am-Vegesacker-Hafen,vmz-bremen-parken-Am-Wall,vmz-bremen-parken-Aumunder-Markplatz,vmz-bremen-parken-Beckersweide,vmz-bremen-parken-Burgerweide,vmz-bremen-parken-Burgerweide-Klangbogen,vmz-bremen-parken-City-Gate,vmz-bremen-parken-Fresenbergstrasse-P1,vmz-bremen-parken-Fresenbergstrasse-P2,vmz-bremen-parken-Herdentor-Rembertiring,vmz-bremen-parken-Hillmannplatz,vmz-bremen-parken-Im-Pohl,vmz-bremen-parken-Katharinenklosterhof,vmz-bremen-parken-Kunstlerhaus-Guterbahnhof,vmz-bremen-parken-Lubecker-Strasse,vmz-bremen-parken-Messe-Parkhaus,vmz-bremen-parken-Mitte,vmz-bremen-parken-Ortsamt-Blumenthal,vmz-bremen-parken-Ostertor-Kulturmeile,vmz-bremen-parken-Pressehaus,vmz-bremen-parken-Rowekamp-Metropol-Theater,vmz-bremen-parken-Sagerstr,vmz-bremen-parken-Silbermannstrasse,vmz-bremen-parken-Stephani,vmz-bremen-parken-Uberseestadt,vmz-bremen-parken-Weserstadion,vtmanager-duesseldorf-parken-FLOAT,vtmanager-duesseldorf-parken-Heerdt,vtmanager-duesseldorf-parken-PH-01,vtmanager-duesseldorf-parken-PH-02,vtmanager-duesseldorf-parken-PH-03,vtmanager-duesseldorf-parken-PH-04,vtmanager-duesseldorf-parken-PH-06,vtmanager-duesseldorf-parken-PH-08,vtmanager-duesseldorf-parken-PH-09,vtmanager-duesseldorf-parken-PH-10,vtmanager-duesseldorf-parken-PH-11,vtmanager-duesseldorf-parken-PH-12,vtmanager-duesseldorf-parken-PH-13,vtmanager-duesseldorf-parken-PH-16,vtmanager-duesseldorf-parken-PH-18,vtmanager-duesseldorf-parken-PH-20,vtmanager-duesseldorf-parken-PH-22,vtmanager-duesseldorf-parken-PH-23,vtmanager-duesseldorf-parken-PH-24,vtmanager-duesseldorf-parken-PH-25,vtmanager-duesseldorf-parken-PH-26,vtmanager-duesseldorf-parken-PH-29,vtmanager-duesseldorf-parken-PH-33,vtmanager-duesseldorf-parken-PH-34,vtmanager-duesseldorf-parken-PH-35,vtmanager-duesseldorf-parken-PH-37,vtmanager-duesseldorf-parken-PH-39,vtmanager-duesseldorf-parken-PH-42,vtmanager-duesseldorf-parken-PH-43,vtmanager-duesseldorf-parken-PH-45,vtmanager-duesseldorf-parken-PH-46,vtmanager-duesseldorf-parken-PH-47,vtmanager-duesseldorf-parken-PH-48,vtmanager-duesseldorf-parken-PH-50,vtmanager-duesseldorf-parken-PH-51,vtmanager-duesseldorf-parken-PH-52,vtmanager-duesseldorf-parken-PH-53,vtmanager-duesseldorf-parken-PH-54
2026-04-16T00:00:02+00:00,210,,56,134,,41,,255,,,220,288,351,,,348,,,,1239,167,475,446,460,,,91,,,115,991,30,104,70,164,,,,10,152,160,3,132,0,42,,,,,140,,346,44,,,13,58,18,111,156,182,4,121,208,89,234,100,53,19,89,,,360,45,,166,267,335,210,295,211,190,249,1,198,63,449,180,313,441,284,166,781,73,214,338,234,498,528,46,123,277,299,568,256,830,72,809,281,108,794,199,326,832,26,,152,76,,,,202,280,524,,125,390,,0,0,0,0,315,0,0,0,0,516,0,0,0,0,191,227,0,0,0,0,0,260,210,10,327,370,659,352,150,150,668,306,481,548,414,70,230,,979,438,635,380,408,394,518,1115,630,199,332,247,160,333,249,569,329,195,,200,160,224,119,,496,,,294,239,261,,470,,495,377,,1613,1387,88,0,0,518,280,,,409,,187,475,207,161,335,247,,,,,,,,,339,314,,,,,275,17,152,0,,,,,,,,452,,187,,,,,,119,137,0,,59,,119,,,183,,,48,0,0,0,0,0,0,0,0,300,0,0,0,0,0,409,0,32,106,157,0,0,0,164,0,0,0,0,145,0,0,0,0,55,0,0,0,0,69,0,0,48,209,36,153,536,270,166,262,179,425,0,399,74,14,,,,,,,,,,,,,,312,337,409,669,324,382,548,132,,228,427,84,,1374,,,,357,,130,,,,,,,,57,,,188,102,37,25,,,,449,,,4,10,322,,,19,,,,,,,,,,,,5,,,,,,,,,,,,314,141,49,85,116,156,65,320,475,417,34,40,288,205,45,212,15,0,19,84,186,285,0,32,291,181,136,200,110,145,885,34,143,47,169,0,429,70,1200,327,310,126,201,224,0,118,209,289,84,0,0,343,343,116,0,314,0,343,209,135,289,200,249,0,0,0,757,264,193,705,67,258,7,162,266,106,130,199,55,32,157,235,298,238,0,314,83,356,,190,344,69,,,,,,,,,,,,,,,,,,,,,,,,,,,,,,,,464,,110,441,62,357,276,87,538,204,318,311,64,196,152,230,75,433,196,482,254,232,100,58,,200,440,533,130,,552,800,178,,,641,348,139
2026-04-16T00:15:01+00:00,,,,,,,,,,,,289,,,,,,,,,,,,,,,,,,116,,,,,,,,,9,,,,,,,,,,,,,,,,,,,,,,,,122,,,,,,,,,,,,,,,,,,,,248,,,,,,315,,,,,,,,,499,,,,,,569,,,73,,,,,,328,833,,,,,,,,,,,,,,,,,,,316,,,,,,,,,,,,,,,,,,,,,,,,,,,,482,,,,,,978,,,,,,,,,,,,161,,,,,196,,,,,,,,,,,240,,,,,500,,,1612,,90,,,519,,,,,,,,,,,,,,,,,,,,,,,,,,,17,,,,,,,,,,,,,,,,,,,,,,60,,,,,,,,,,,,,,,,,,,,,,,,,,,,,,,,,,,,,,,,,,,,,,,,,,,,,,,,,,,,,,,,,,,,,,,,,,,,,,,,,,,,,,,,,,,,,,,,,,,,,,,,,,,,,,,,,,,,,,,,,,,,,,,,,,,,,,,,,,,,,,,,,315,,,,,,,319,,,,,,,,,,,,,,,,,,,,,,,886,,,,,,,,,,,,,,,,,,,,,,,,,,,,,,,,,,,,,,,,,,,,,,,,,,,,,,,,,,,,,,,,,,,,,,,,,,,,,,,,,,,,,,,,,,,,,,,111,,,358,,,,,,,,,151,,,,,,,,,,,,,,,,,,,,,,,
2026-04-16T00:30:02+00:00,,,,,,,,256,,,,,,,,,,,,,,,,,,,,,,,,,103,,,,,,10,,,,,,,,,,,,,,,,,15,,,,,,,,,,,,,,,,,,,,,268,,,,,,,,,,,181,316,,286,,,74,,,,,,,,,300,,,,72,,,,,,,,,,,,,,,,,,,124,,,,,,,,,,,,,,,,,,,,,,,,,,,,,,,,,,,,,,,,,,,,,,,,,,,331,,,,,,,,,,,,,,,,,,,,,,,502,,,,1388,,,,,,,,,,,,,163,,,,,,,,,,,,,,,,,,17,,,,,,,,,,451,,,,,,,,,,,,,,,,,,,,,,,,,,,,,,,,,,,,,,,,,,,,,,,,,,,,,,,,,,,,,,,,,,,,,,,,,,,,,,,,,,,,,,,,,,,,,,,,,,,,,,,,,,,,,,,,,,,,,,,,,,,,,,,,,,,,,,,,,,,,,,,,,,,,,,,,,,,,,318,,,,,,,,,,,,,206,,,,,,,,,,,,,,,111,,,,,,,,,69,,,,,,,,,,,,,,,,,,,,,,,,,,,,,,,,,,,,,,,,,,,160,,,239,,315,,357,,,,,,,,,,,,,,,,,,,,,,,,,,,,,,,,,,,,,,,446,,,,,,,,,,,,,,,,,253,,,,,,,,,,554,,,,,,,
2026-04-16T00:45:01+00:00,,,,,,,,,,,,,,,,,,,,,,,,,,,,,,,,,102,,,,,,,,,,,,,,,,,,,,,,,,,,,,,,124,209,,,,,,,,,,,,,,,,,,,,,,,,,,,,,,,,,,,,,,,301,,,,,,,,,,,834,,,,,,,,,,525,,,,,,,,,,,,,,,,,,,,,,,,,,,,,,,,,,,,,,,,,,,,,,,,,,1116,,200,332,,159,,,,,,,,,,,,,,,,,,,,,504,,,,,91,,,,,,,,,,476,,,,,,,,,,,,,,,,,,,,17,,,,,,,,,,,,,,,,,,,138,,,,,,,,,,,,,,,,,,,,,,,,,,,,,,,,,,,,,,,,,,,,,,,,,,,,,,,,,,,,,,,397,,,,,,,,,,,,,,,,,,,,,,550,,,,,,,,,,,,,,,,,,,,,,,,,,,,,,,,,,,,,,,,,,,,,,,,,,,,,,,,,,,,,,,319,,,,,,,,,,,,,,,,,,,,,,,,,,,,,,,,,,,,,,,,,,,,,,,,,,,,,,,,,,,,,,,,,,,,,,,,,161,,,,,,,,,,,,,,358,,,,70,,,,,,,,,,,,,,,,,,,,,,,,,,,,,,,,,,112,447,,,,,,,,,,,152,,,,,,,,,,,,,,,,,,,,,,,
2026-04-16T01:00:02+00:00,,,,,,,,,,,,,,,,,,,,,,,,,,,,,,,992,,,,,,,,,153,,,,,40,,,,,,,,45,,,,,,110,,,,,,,,,,,,,,,,,,,,,,,,,,,,,,,,,,,,,,,,,,,,300,568,,,,,,,,,,835,,,,,,,,,,526,,123,,,,,,,,,,,,,,,,,,,,,,,,,,,,,,,,,,,477,,,,,,,,634,,,,,,,,,,158,,,,,198,,,,,,,,,,,,,,,,,,,,1389,,,,,,,,,,188,,,,336,,,,,,,,,,,,,,,,276,17,,,,,,,,,,,,,,,,,,,,,,,,,,,,,,,,,,,,,,,,,,,,,,,,,,,,,,,,,,,,,,,,,,,,,,,,,,,,,,,,,,398,,,,,,,,,,,,,,,,,,,,,,,,,,,,,1373,,,,,,,,,,,,,,,,,,,,,,,,,,,,,,,,,,,,,,,,,,,,,,,,,,,,,,,,,,,,,,,,,,,,,,,,,,,,,,,,,,,,,,,,,,,,,,,,,,,,,,,,,,,,,,,,,,,,,,,,,,,265,,,,,,,,,,,,,,,,,,,,,,,,,,,,,,,,,,,,,,,,,,,,,,,,,,,,,,,,,,,,,,,,,,,,,,,,,,,,,,,,,,,534,,,,,,,,,,
2026-04-16T01:15:02+00:00,,,,,,,,,,,,,,,,,,,,,,,,,,,,,,,,,,,,,,,,,,,,,41,,,,,,,,,,,14,57,,111,,,,,,,235,,,,,,,,,,,,,,,,,,,,,,,,,,,,,,,,,,,,,,567,,,,,,,,,329,,,,,,,,,,,,,,,,,,,,,,,,,,,,,,,,,,,,,,,,,,,,,,,,481,,,,,,977,,,,,,,,,,,,,,,,,,,,,,,,,,,,239,,,,,,,,,,,,,521,,,,,,,,,,335,,,,,,,,,,,,,,,,277,17,,,,,,,,,,,,188,,,,,,,,,,58,,,,,,,,,,,,,,,,,,,,,,,,,,,,,,,,,,,,,,,,,,,,,,,,,,,,,,,,,,,,399,,,,,,,,,,,,,,,,,,,,,,551,,,,,,,,,,,,,,,,,,,,,,,,,,,,,,,,,,,,,,,,,,,,,,,,,,,,,,,,,,,,,,,,,,,,,,,,,,,,,,,,,,,,,,,,,,,,,,,,,172,,430,,,326,,,,227,,,,,,,,,,,,,,,,,,,,,,,,,,,,,,,,,,,,31,161,,,,,,,,,,,,,,,,,,,,,,,,,,,,,,,,,,,,,,,,,,,,,,450,,,,,,,,,,,,,,,,,,,,,,,,,,,,,,,,,,
2026-04-16T01:30:01+00:00,,,,,,,,,,,,,,,,,,,,,,,,,,,,,,,,,103,,,,,,,154,,,,,,,,,,,,,,,,15,,17,110,,,,,,,,,,,,,,,,,,,,,,,,,,,,,,,,,,,,,,,,,,,278,302,,,,,,,,,,,833,,,,,,,,,,,,,,,,,,,,,,,,,,,,,,,,,,,,,,,,,,,,,,,482,,,,,,976,,,,,,,,,,,,,,,,,,,,,,,,,,,,,,,,,,,,,,,,,,,,,,,,,,,,,,,,,,,,,,,,,,,,17,,,,,,,,,,450,,,,,,,,,,,,55,,,,,,,,,,,,,,,,,,,,,,,408,,,,,,,,,,,,,,,,,,,,,,,,,,,,,,,,,,,,,,,,,,,,,,,,,,,,,,,,,,,,,,,,,,1372,,,,,,,,,,,,,,,,,,,,,,,,,,,,,,,,,,,,,,,,,,,,,,,,,,,,,,,,322,,,,,,,,,,,,,,,,,,,,,,,,,,,,,,,,,,,,,,,,,,,,,,,,,,,,,,,,,,,,,,,,,,,,,,,,,,,,,,,,,,,,,,,,,,,,,,,,,,,,,,,,,,,,,,,,,,,,,,,,,,,,,,451,,,,,,,,,,,,,,,,,,,,,,,,,,,,,,,,,,
2026-04-16T01:45:02+00:00,209,,,,,,,,,,,,,,,,,,,,,,,,,,,,,,,,102,,,,,,,,,,,,,,,,,,,,,,,,,,,,,,123,,,,,,,,,,359,,,,,,,,,,,,,,,,,,,,,,,,,,,,,,303,568,,,,,,,,,330,834,,,,,,,,,,,,124,,,,,,,,,,,,515,,,,,,,,,,,,,,,,,,,,,,,481,,,,,,,439,,,,,,1115,,,,,,,,,,200,,,,223,,,,,,,241,,,,,506,,,,,,,,524,,,,,,,,,,,,,,,,,,,,,,,,,,276,17,,,,,,,,,,,,,,,,,,,,,,54,,,,,,,,,,,,,,,,,,,,,,,,,,,,,,,,,,,,,,,,,,,,,,,,,,,,151,,,163,,,,,,,,,,,,,,,,,,,,,,,,,,,,,,,,,,1373,,,,,,,,,,,,,,,,,,,,,,,,,,,,,,,,,,,,,,,,,,,,,,,,,,,,,,,,321,,,,,,,,,,,,,,,,,,,,,,,,,,,,,,,,,,,,,,,,,,,,,,,,,,,,,,,,,,,,,,,,,,,,,,,,,,,,,,,32,,,,,,,,,,,343,,,,,,,,,,,,,,,,,,,,,,,,,,,,,,,,,,,,454,,,,,,,,,,,,,,,,,,,,,,,,,,,,,,,,,,
2026-04-16T02:00:01+00:00,208,,,,,,,,,,,,,,,,,,,,,,,,,,,,,,,,,,,,,,,,,,,,,,,,,,,,,,,,,,,,,,,,,,,,,,,,,,,,269,,,,,,,,,,,,,440,,,,,,,,,,,,,,567,,,,,,,,,331,832,,,,,,,,,,,,125,,,,,,,,,,,,,,,,,,,,,,,,,,,,,,,,,,,480,,,,,,,438,,,,,,,,,,,,,,,,,,,,224,,,,,,,,,,,,,,,1611,,,,,,,,,,,,,,,,,,,,,,,,,,,,,,,,16,,,,,,,,,,,,,,,,,,,134,,,51,,,,,,,,,,,,,,,,,,,,,,,,,,,,,,,,,,,,,,,,,,,,,,,,,,,,,,,,,,,,401,,,,,,,,,,,,,,,,,,,,323,,,131,,,,,,,,,,,,,,,,,,,,,,,,,,,,,,,,,,,,,,,,,,,,,,,,,,,,,,,,,,,,,,,,,,,,,,,,,,,,,,,,,,,,,,,,,,,,885,,,,,,,,,,,,,,,,,,,,,,,,,,,,,,,,,,,,,,,,,,,,,,,,,31,,,,,,,,,,,,,,,,,,,,,,,,,,,,,,,,,,,,,,,,,,,,,,,455,,,,,,,,,,,,,,,,,,,,,,,,535,,,,,,,,,,
2026-04-16T02:15:01+00:00,204,,,,,42,,,,,,,,,,,,,,,,,,,,,,,,,,,101,,,,,,,,,,,,,,,,,,,,,,,,,,109,,,,,,,,,,,,,,,,,,220,,,,,,,,,,,,317,,,,,,,,,498,,,,,,,,,,,,,793,,,835,,,,77,,,,,,,,,,,,,,,,,,,,,,,,,,,,,,,,,,,,,,,,,,,481,,,,,,977,,,,,,,1116,,,331,,157,,,,,199,,,,,,,,,,,,,,,,,,,,,,,,,,,,,,,,,,,,,,,,,,,,,,,,,,,17,,,,,,,,,,,,,,,,,,,133,,,50,,,,,,,,,,,,,,,,,,,,,,,,,,,,,,,,,,,,,,,,,,,,,,,,,,,,,,,162,,,,,400,69,,,,,,,,,,,,,,,,,,,,,,,,,,,,,,,,,,,,,,,,,,,,,,,,,,,,,,,,,,,,,,,,,,,,,,,,,,,,,,,,,,,,,,,,,,,,,,,,,,,,,,,,,,,,,,,,,,884,,,,163,,431,,,327,,,,,,,,,,,,,,,,,,,,,,,,,,,,,,,66,,,162,,,,,,,,,,,,,,,,,,,,,,,,,,,,,,,,,,,,,,,,,,,,,,,,,,,,,456,,,,,567,,,,,,,,,434,,,,,,,,,,,,,,,,,,,,
2026-04-16T02:30:01+00:00,,,,,,,,255,,,,,,,,,,,,,,,,,,,,,,,,,,,,,,,,,,,,,,,,,,,,,,,,14,,,,,,,124,,,,,52,,,,,358,,,,219,,,,,,,,,,,,,,,,,,,,,,,,,,300,568,,,,,,,792,,,834,,,,,,,,,,,,,,,,,,,,,,,,,,,,,,,,,,,,,,,,,,,,,,,478,,,,,,976,437,,,,,,,,,330,,156,,,,,200,,,,,,,,,,,,,,,,,,,1610,1388,,,,,,,,,,,,,164,,,,,,,,,,,,,,,,,,17,,,,,,,,,,,,,,,,,,,132,,,47,,,,,,,,,,,,,,,,,,,,,,,407,,,,,,,,,,,,,,,,,,,,,,,,,,,,,,,,,,,,,,,,,,,,,,,,,,,,,313,,,,,,,,,,,,,,,,,,,,,,,,,,,,,,,,,,,,,,,,,,,,,,,,,,,,,,,,,,,,,,,,,,,,,,,,,,,,,,,,,,,,213,,,,,,,,,,,,,,,,,,,,,,,,,,,,,,,,,,,,,,,,,,,,,,,,,,,,,,,,,,,,,,,,,,,312,,,,,,,,345,,,,,,,,,,,,,,,,,,,,,,,,,,,,,,,,,,,,,,,,,,,,,,,,,,,,,,,,,,,,536,,,,,,,,,,
2026-04-16T02:45:01+00:00,203,,,,,,,,,,,,,,,,,,,,,,,,,,,,,,,31,100,,,,,,,,,,,,,,,,,,,343,,,,13,56,,108,,,3,,,,,,,,,,,357,,,,,,,,,,,,,,,,,,,,,,,,,,,,,,302,569,,,,,,,791,,330,,,,,,,,,,,,,124,,,,,,,,,,,,,,,,,,,,,,,,,,,,,,,,,,,480,547,,,,,,436,,,,,,,,195,320,,,,,,,,,,,,,,,,,,,,,,,,,,,,,,,,,,,,,,,,,,,,,,,,,,,,,,,,,,17,,,,,,,,,,,,,,,,,,,,,,45,,,,,,,,,,,,,,,,,,,,,,,,,,,,,,,,,,,,,,,,,,,,,,,,,,,,,,269,160,,,,,398,,,,,,,,,,,,,,,,,,,,322,,552,,,,,,,,,,,,,,,,,,,,,,,,,,,,,,,,,,,,,,,,,,,,,,,,,,,,,,,,,,,,,,,318,,,,,,,,,,,,,,,,,,,,,,,,289,,,,,,885,,,,,,,,,,,,,,,,,,,,,,,,,,,,,,,,,,,,,,,,,,,,,,,,,32,,,,,,,,,,,344,,,,,,,,,,,,,,,,,,,,,,,,,,,,,,,,,,,,,,,,,,,,,,,,,,433,,,,,,,,,,,,,,,,,,,,
2026-04-16T03:00:02+00:00,,,,,,,,,,,,,,,,,,,,,,,,,,,,,,,993,30,,,,,,,,153,,,,,40,,,,,,,342,,,,,,,107,,,,121,,,,,,,,,,350,,,,,333,,,,,,,,,,,,439,,,,,,,,,,,,,300,,,,,,280,,,,,831,,,,,,,,,,,,123,,,,,,,,,,,,,,,,,,,,,,,,,,,,,,,,,,,481,,415,,,,,432,633,,409,,,1117,,,317,,,,,,,,,,,,,,,,,,240,,,,,505,,,,,,,,,,,,,,,,,,336,,,,,,,,,,,,,,,,277,17,,,,,,,,,,,,,,,,,,118,,,,43,,,,,,,,,,,,,,,,,,,,,,,,,,,,,,,,,,,,,,,,,,,,,,,,,,,,,,,,,,,,397,,,,,,,,,,,,,,,,,,408,,321,381,,,,,,,,1371,,,,,,,,,,,,,,,,,,,,,,,,,,,,,,,,,,,,,,,,,,,,,,,,,,,,,,,,317,,,,,154,66,,473,416,,,,,,,,,,,,,,,,,,,,,884,,,,,,,,,,,,,,,,,,,,,,,,,,,,,,,,,,,,,,,,,,,,,,,,,,,,,,,314,,,,,,,,,,,,,,,,,,,,,,,,,,,,,,,,,,,,,,,,,459,,,,,,,,,,,,,,,,,,,,,,,,537,,,,,,,,,,
2026-04-16T03:15:01+00:00,202,,,,,,,,,,,288,,,,,,,,,,,442,,,,,,,,991,,99,,,,,,,,,,,,41,,,,,,,,,,,14,55,,105,,,,120,,,,,51,,,,,347,,,,214,,,,,,,,197,,,,,,,,,,,,,,,,,,298,,,,,,279,,786,198,,,,,,,,,,,,,,,,,,,,,,,,,,,,,,,,,,,,,,,,,,,,,,,,,,,417,,,,,426,634,,,,468,1037,460,192,293,147,154,203,,359,194,,,,159,,,,,,,,234,,,,,,,,1609,,90,,,527,,,,,,,,,,,,,,,,,,,,,,,,,,278,17,,,,,,,,,,451,,,,,,,,,131,,,42,,118,,,,,,,,,,,,,,40,,,,,,,,,,,,,,,,,,,,144,,,,,,,,,,,,,,,,,,268,158,,,,,392,,,,,,,,,,,,,,,,,336,,668,320,,553,,,,,,,1370,,,,,,,,,,,,,,,,,,,,,,,,,,,,,,,,,,,,,,,,,,,,,,,,,,,,,,,,312,,,,,,67,,474,415,,,,,,,,,,,,,,,,,,,,,878,,,,161,,432,,1199,333,312,,,228,,,,,,,,,,,,,,,,,,,,,,,,264,192,,,,,,,,,,,31,160,234,,,,,,,,,,,,,,,,,,,,,,,,,,,,,,,,,,,,,,,,,,,,,,,,,,,,,,,195,151,,,,,,,,,,,,,502,,,,,,,,,,
2026-04-16T03:30:02+00:00,200,,,,,,,256,,,,,348,,,,,,,,,474,,,,,,,,,990,29,,,,,,,,,,,,,,,,,,,,341,44,,,15,,16,,,,4,117,210,,234,,50,,,,,344,,,,213,330,,,,,,,198,,,,,438,,,,,,,,,,,,,,568,,,,,,,778,206,,828,,,,,,,,,,,,,,,,,,,,,,,,,,,,,,226,,,,,,,,,,,,,,,,,478,548,,,,,977,417,,,,,,,,190,285,,152,,,,,,,,,225,,,,,,,232,,,,,,,,1607,,87,,,,279,,,,,,,,,337,,,,,,,,,,,,,,,,,17,,,,,,,,,,,,,,,,,,,,,,,,,,,,,,,,,,,,,,,,,,,,,405,,,,,,,,,,,,,143,,,,,,,,,,,,,,,,,535,262,157,,,,,,,,,,,,,,,,,,,,,312,,407,667,318,,,,,,,,,1364,,,,,,,,,,,,,,,,,,,,,,,,,,,,,,,,,,,,,,,,,,,,,,,,,,,,,,,,308,,,,,,,318,473,,,,286,,,,,,18,,184,,,,,,,,,,862,,,,,,,,,,,,,,,,,,,,,,,,,,,,,,,,,,,,,,,,,,,,267,,,,,29,,,,,,,,,,,,,,,,,,,,,,,,,,,,,,,,,,,,,,,,,,,,,,,,,,,,,,,,,,,,,,,,,,,,,,,501,,,,,,,,,,
2026-04-16T03:45:02+00:00,198,,,133,,41,,,,,,285,347,,,,,,,1238,,472,,,,,,,,,989,,98,,,,,,,,,,131,,,,,,,,,331,,,,14,53,17,100,,181,5,113,211,,235,,45,,,,,337,,,,212,327,,,,,,,,,,,,436,,165,780,73,,,,,525,,,277,297,,,828,,808,278,106,763,207,329,,,,,,,,,,,,,,,,,,,,,,,,,,,,,,,,,,,,,,,,,,,,,,,304,,,,,,,,403,,,,,,1035,459,188,273,,148,,,,,201,,199,,,48,,,,,,228,,,,,506,,,1599,1380,83,,,525,278,,,,,,477,206,,,,,,,,,,,,,,,,,,,17,,,,,,,,,,450,,,,,,,,,129,,,39,,115,,,,,,,,,,,,,,,,,,,,,,,,,,,,,,,,,,,,,,,,,,,,,,,,,,,529,228,155,,,,,381,,,,,,,,,,,,,,,,314,,,662,317,,550,130,,,428,,,1343,,,,,,,,,,,,,,,,,,,,,,,,,,,,,,,,,,,,,,,,,,,,,,,,,,,,,,,,305,,,,,,66,317,472,414,,,280,205,,211,,,,83,179,,,31,285,,133,,,144,797,,144,,,,,,,,,,,,,,,,,,,,,,,,,,,,,,,,,,,263,,,,,,,,103,,,,23,,233,,,,,,,,,,,,,,,,,,,,,,,,,,,,,,,,,,,,,,,,,,,,,458,,357,,,,,317,312,,,150,,,432,,481,,,,,,,,,,,,,,,,,,
2026-04-16T04:00:01+00:00,197,,,,,,,,,,,287,344,,,126,,,,,,,436,,,,,,,,986,,96,,165,,,,,152,,,130,,40,,,,,,,328,,,,,52,16,98,,,7,106,201,,234,99,43,,,,,,,,,220,324,,,,,,,,,448,,318,425,287,,779,,,,,,519,45,,278,296,566,,827,,,,98,742,,330,820,,,,,,,,,,525,,,,,,,,,,,,,,514,,,,,,225,,,,,,,,,,,,,,,,302,,,,,,,974,381,,,407,,,,456,183,249,,146,,,358,,,,198,,,,,,,,,,,,,,,,,1595,1375,82,,,,,,,,,187,,205,,,,,,,,,,,,,,,,,,282,16,153,,,,,,,,,448,,,,,,,,115,124,,,38,,111,,,,,,,,,,,,,,,299,,,,,,401,,31,,,,,,,,,,,142,,,,,,,,,,,,,,,,,524,216,150,,177,423,,379,,,,,,,,,,,,,,,,,,404,651,312,383,549,129,,,427,,,1319,,,,,,,,,,,,,,,,,,,,,,,,,,,,,,,,,,,,,,,,,,,,,,,,,,,,,,,,300,,50,,,,62,309,471,412,,,269,201,,209,,,16,,177,,,32,271,,131,,,,742,,,45,,,,,,,,,,,,,,,,,,,,,,,,,,,,,,,,,,262,,704,65,,,,266,93,129,,,18,,,310,,,,,357,,188,,69,,,,,,,,,,,,,,,,,,,,,,,,,,,,,,,,,,,,,,,,,,,309,,,148,,76,,,480,,,,,,,,500,129,,,,,,,,,
2026-04-16T04:05:01+00:00,,,,,,,,,,,,,342,,,,,,,,,442,430,389,,,,,,,985,,95,,,,,,9,151,,,,,,,,,,,,324,,,,,53,,,,180,,,,,,,,,,,,333,,,,219,,,,,,,,,,,,,,,,,,,,,,,,,,,,,,,,,,,,,,,,,,,,,,,,,,,,,,,,,,,,,,,,,,,,,,,,,,,,,,,,,,,,481,549,,,,,,373,631,,,,,,455,180,241,,145,,,359,,,,,,,,,,,,,,,,,,,,,,,,,,,,,,,,,,,,,,,,,,,,,,,,,,,,283,16,,,222,,,,,,,447,,,,,,,,116,122,,,,,110,,,,,,,,,,,,,,,300,,,,,,399,,,,,,,,,,,,,141,,,,,,,,,,,,,,,,,523,214,,,,,,97,68,,,,,,,,,,,,,,,,,401,,311,382,,,,,,,,1318,,,,,,,,,,,,,,,,,,,,,,,,,,,,,,,,,,,,,,,,,,,,,,,,,,,,,,,,298,,47,,115,,,304,,,,,266,200,,206,21,,,,,284,,31,262,,130,,112,,734,,,,149,,,,1194,331,309,,200,229,,,,,,,,,,,,,,,,,,,,,,,,,,703,66,,,,,,,,,,,,,,,,,,,,,,,,,,,,,,,,,,,,,,,,,,,,,,,,,,,,,,,,457,63,356,,,,,,,,,146,,,,,,,,,,,,,,,,,,,,,,,
2026-04-16T04:10:01+00:00,,,,,,,,,,,,286,343,,,125,,,,,,,429,388,,,,,,,984,,93,,166,,,,,,,,129,,,,,,,,,321,,,,,,15,99,,,,108,198,,,,,,,,,,44,,,217,,,,,,,,,,,,,,,,,,,,,,,,,,,,,,,,,,,,,,,,,,,,,,,,,,,,,,,,,,,,,,,,,,,,,,,,,,,,,,,,,,,300,479,,,,,,,366,630,,,,,,,,,,,,,,,200,,,158,,,,497,,,292,229,,,,,501,,,1582,1355,81,,,,275,,,,,,476,204,162,,,,,,,,,,,,,,,,,285,16,,,,,,,,,,,,,,,,,,115,121,,,,,,,,,,,,,,,,,,,,299,,,,,,398,,,,,,,,,,,,,,,,,,,,,,,,,,,,,,524,,149,272,,,,96,,,,,,,,,,,,,,,,,,398,649,310,,548,127,,,,,,1314,,,,,,,,,,,,,,,,,,,,,,,,,,,,,,,,,,,,,,,,,,,,,,,,,,,,,,,,290,,45,,,153,61,300,470,413,,,265,199,,,,,15,,,,,,258,,129,,113,,726,,,,,,,,,,,,,,,,,,,,,,,,,,,,,,,,,,,,,,,701,,,,,,,,,,,,,,,,,,,,,,,,,,,,,,,,,,,,,,,,,,,,,,,,,,,,,,,,,,64,,,,,205,,,,,144,229,,,,,,,,,,,,,,,553,,,,,,,
2026-04-16T04:15:01+00:00,,,,,,,,,,,,,342,,,,,,,,,,,387,,,,,,,981,,,,,,,,8,,,,,,,,,,,139,,,,,,,,,97,,,,107,196,,,,,,,,,332,45,,,216,322,,302,,135,,,,,,,,418,,164,778,71,,,,,516,44,122,276,291,564,,826,71,804,279,91,719,,329,811,,,,,,,912,,,520,,,,,,,,,317,,,,,,,,,,,224,,,,,,,,,,,,,,,,,,,,,,,,358,,,,,,1029,,,228,,,,,,,198,,197,,226,,,,,,,,,,,,,,,1575,1345,,,,,273,,,,,,474,,161,,,,,,,,,,,,,,,,,,16,,,,,,,,,,446,,,,,,,,,,,,,,108,,,,,,,,,,,,,,,,,,,,,401,,30,,,,,,,,,,,,,,,,,,,,,,,,,,,,,,147,,176,422,,97,67,,,,,,,,,,,,,,,,,395,648,308,,,126,,,,,,,,,,,,,,,,,,,,,,,,,,,,,,,,,,,,,,,,,,,,,,,,,,,,,,,,,,,,,,286,,,,,,,298,,,,,263,197,,205,,,,,178,,,,252,,128,,112,,721,,,,,319,431,,1193,,306,,,,,,,,,,,,,,,,,,,,,,,,,,756,,,,,,,,,,,,,,,,,,,,,,,,,,,,,,,,,,,,,,,,,,,,,,,,,,,,,,,,,,,,456,,,,,,204,,,,,145,,,431,,,,,,,,,,499,,,,,,,,,,
2026-04-16T04:20:02+00:00,,,,,,,,,,,,,340,,,,,,,,,,426,,,,,,,115,980,,91,,,,,,7,,,,128,,,,,,,,,318,43,,,15,,13,93,,,,106,195,,,,,,,,,331,,,,214,319,,,,,,,,,,,,,,,,,,,,,,,,,,,,,,,,,,,,,,,,,,,,,,,,,,,,,,,,,,,,,,,,,,,,,,,,,,,,,,,,,,299,480,550,,,,,,352,,,,,,,,,,,,,,,,,,,,,,,,,,,,,,,,,,,,,,,,,,,,,,,,,,,,,,,,,,,,,,,,,,,16,152,,,,,,,,,445,,187,,,,,,114,120,,,37,,,,,,,,,,,,,,,,,298,,,,,,400,,31,,,,,,163,,,,,140,,,,,,,,,,,,,,,,,,,145,,,420,,,68,,,,,,,,,,,,,,,,,393,646,306,380,547,125,,,,,,1310,,,,,,,,,,,,,,,,,,,,,,,,,,,,,,,,,,,,,,,,,,,,,,,,,,,,,,,,282,,41,84,,,,295,471,,,,262,194,,,,,,,180,282,,,248,,125,,113,145,717,,,,142,,,,,332,309,127,,228,,,,,,,,,,,,,,,,,,,,,,,,,,,,257,,,,89,,,,17,,232,309,,,,,356,,187,343,,,,,,,,,,,,,,,,,,,,,,,,,,,,,,,,,,,,457,,355,,,,,,,,,142,,,,,479,,,,,,,,498,,,,,,,,,,
2026-04-16T04:25:02+00:00,,,,,,,,,,,,,339,,,124,,,,,,,423,,,,,,,,976,,88,,,,,,,,,,130,,,,,,,,,316,44,,,14,52,12,96,,,8,109,194,,,,,,,,,330,,,,,317,,,209,134,,,,,447,182,,415,284,166,,,,277,233,495,513,45,,275,288,560,,,70,,,90,704,,326,,,,,,,,902,,,517,,,,,,,,,,,,,,511,,,,,,221,,,,,,,,,,,,,,,,,479,,414,,,,973,347,,,,,,1025,447,175,199,,143,202,,,193,197,,,,225,,,,,,,227,,,,,499,,,1571,1321,80,,,,272,,,,,185,471,,159,336,,,,,,,,,,,,,,,,,17,,,,,,,,,,443,,186,,,,,,116,,,,,,,,,,,,,,,,,,,,,297,,,,,,399,,,,,,,,,,,,,,,,,,,,,,,,,,,,,150,521,,140,,177,419,,90,,,,,,,,,,,,,,,,,334,391,643,304,,548,,,,,82,,1303,,,,,,,,,,,,,,,,,,,,,,,,,,,,,,,,,,,,,,,,,,,,,,,,,,,,,,,,275,140,40,,,152,62,294,470,,,,,195,44,,,,14,84,179,,,,246,,124,,,,707,,,,,,,,,,,,,,,,,,,,,,,,,,,,,,,,,,,,755,,191,,,255,,,,,,,,,,,,,,,,,,,,,,,,,,,,,,,,,,,,,,,,,,,,,,,,,,,,,,,,,353,,,,,,,,,140,,,,,,,,,,,,,,,,,,,,,,347,
2026-04-16T04:30:02+00:00,196,,,,,,,,,,,,,,,,,,,,,,418,386,,,,,,,973,28,87,,,,,,,150,,,129,,38,,,,,140,,,,,,,50,13,93,,179,,,192,,,,,,,,,,,,,215,,,,,,,,,,,,,,,,,,,,,,,,,,,,,,,,,,,,,,,,,,,,,,,,,,,,,,,,,,,,,503,,,,,,220,,,,,,,,,,,,,,,,298,,551,412,,,,,344,,,,,,,,,,,,,,,,,,,,,,,,,,,,,,,,,,,,,,,,,,,,,,,,,,,,,,,,,,,,,,,,,,,17,,,,,,,,,,,,185,,,,,,,118,,,36,,107,,,,,,,,,,,,,,,,,,,,,400,,,,,,,,,,,,,139,,,,,,,,,,,,,,,,,,218,137,,176,,,83,,13,,,,,,,,,,,,,,311,,387,,302,378,,,,,429,83,,1297,,,,,,,,,,,,,,,,,,,,,,,,,,,,,,,,,,,,,,,,,,,,,,,,,,,,,,,,272,,39,,,,,290,468,,,,261,,43,,,,,,,,,30,245,,,199,112,146,704,,,,,,,,,,,,,,,,,,,,,,,,,,,,,,,,,,,,754,,,700,,,,163,,87,,,,14,,230,308,,,,,353,,,342,68,,,,,,,,,,,,,,,,,,,,,,,,,,,,,,,,,,,,,,,,,,,,,194,138,,,,,,,,,,,,,,,,,,,,,,,
2026-04-16T04:35:02+00:00,195,,,,,42,,255,,,,,,,,,,,,,,,413,,,,,,,,971,27,86,,,,,,,149,,,128,,37,,,,,,,314,43,,,15,51,12,94,,,7,110,189,,,,42,,88,,,,,,,,318,,,211,,,,,,,,317,409,281,165,777,72,,,,491,507,44,,270,285,556,,823,,,,86,679,208,317,802,,,,,,,894,200,,,,,,,,,,,,,,,,,,,,,,,,,,,,,,,,,,,,,,296,478,,407,,,,,341,629,353,406,,467,1021,441,172,182,,,201,,,,,,195,157,,,,,,,,223,,,,,494,,,1561,1298,,,,,271,,,,,184,469,,158,335,,,,,,,,,,,,,,165,,286,17,,,,,,,,,,,,,,,,,,,117,,,,,105,,,,,,,,,,,,,,,296,,,,,,398,,,,,,,,,,,,,137,,,,,,,,,,,,,,,,149,,221,134,,175,418,,77,,12,,,,,,,,,,,,,,,,385,642,300,376,547,127,,,427,,,1290,,,,,,,,,,,,,,,,,,,,,,,,,,,,,,,,,,,,,,,,,,,,,,,,,,,,,,,,264,,,,,,,289,467,,,,263,,,,,,,,,,,,248,,,196,113,,693,,,,136,,,,,331,305,,,,,,,,,,,,,,,,,,,,,,,,,,,260,,,65,,,,,,,,,,,,,,,,,,,,,,,,,,,,,,,,,,,,,,,,,,,,,,,,,,,,,,,111,,63,354,,,,,,,,,137,,,,,,,,,,,,,,,,,,,,,,,
2026-04-16T04:40:02+00:00,196,,,,,,,,,,,287,337,,,123,,,,,,,405,,,,,,,116,968,26,85,69,,,,,,,,,127,,,,,,,,,310,44,,,14,,,93,,178,6,106,185,,,98,,,,,,,,,,,,,,,,,,,,,,,,,,,,,,,,,,,,,,,,,,,,,,,,,,,,,,,,,,,,,,,,,,316,,,,,497,,,,,,,,,,,,,,,,,,,,,,301,476,,403,,,,972,339,,,405,,,,,,,,,,,,,,,,,,,,,,,,,,,,,,,,,,,,,,,,,,,,,,,,,,,,,,,,,,,,,164,,,17,151,,,,,,,,,441,,184,,,,,,114,,,,,,103,,,,,,,,,,,,,,,292,,,,,,392,,30,,,,,,162,,,,,134,,,,,,,,,,,,,,,,,519,226,,,,417,,76,,,,,,,,,,,,,,,,,,381,,298,377,545,126,,229,424,,,1280,,,,,,,,,,,,,,,,,,,,,,,,,,,,,,,,,,,,,,,,,,,,,,,,,,,,,,,,263,,,,,150,63,283,465,412,33,,261,178,,204,,,12,,178,,,,244,,,186,,147,680,,,,133,,430,,1187,280,301,,198,230,,,,,,,,,,,,,,,,,,,,,,,,,,699,,256,,,,,,,,,,,,,,,,,,,,,,,,,,,,,,,,,,,,,,,,,,,,,,,,,,,,,,,,,,,,,,,,63,,136,,,,,480,,,,,,,,,130,,552,,,,,,,
2026-04-16T04:45:01+00:00,193,,,,,,,,,,,,335,,,,,,,,,,400,,,,,,,,966,,84,,,,,,4,148,,,,,36,,,,,,,306,42,,,15,49,,91,,,9,104,184,,,,41,,,,,327,,,,214,315,219,301,210,133,,,,,,181,315,405,280,,775,,,,,488,505,43,121,268,286,552,,,69,803,,84,650,207,313,797,,,150,,,,884,,,,59,,,,,,,,,,,,,,,,,,,,,,,,,,,,,,,,,,,,473,553,405,,,,971,338,,,404,,,1013,438,168,168,146,140,,248,357,194,,,,,,,,,,,,,,,,,,,,,,,,,,,,,,,,,,,,,,,,,,,,,,,,,163,,290,17,,,,,,,,,,440,,183,,,,,,111,113,,,,,101,,,,,,,,,,,,,,,,,,,,,389,,29,,,,,,,,,,,133,,,,,,,,,,,,,,,,,520,223,132,271,,,,75,,,,,,,,,,,,,,,,,,378,638,294,375,544,125,,,423,84,,1276,,,,,,,,,,,,,,,,,,,,,,,,,,,,,,,,,,,,,,,,,,,,,,,,,,,,,,,,262,139,37,83,,,62,278,461,410,,,254,,,,,,,,177,,,28,243,179,122,180,,,659,,,,,,,,,,,,,,,,,,,,,,,,,,,,,,,,,,,,753,259,190,,,252,,161,267,83,,,,8,,231,,,,,,351,,,,66,,,,,,,,,,,,,,,,,,,,,,,,,,,,,,,,,,,456,,,,,,203,316,,,,135,230,,430,,479,252,,,,,,,,,,,,,,,,,
2026-04-16T04:50:01+00:00,,,,132,,,,254,,,,,332,,,120,,,,1239,,,396,385,,,,,,115,963,23,81,,,,,,,,,,126,,34,,,,,,,303,,,,,48,,92,,,,,183,,,,,,,,,,,,,,,,,,,,,,,,,,,,,,,,,,,,,,,,,,,,,,,,,,,,,,,,,,,,,,,,,,,,,,,,,,496,,,,,,219,,,,,,,,,,,,,,,,299,,552,403,,,,968,337,,,,,,,,,,,,,,,,,,194,156,,,,,,,291,221,,,,,,376,,1553,1272,77,,,,269,,,,,,465,203,156,,,,,,,,,,,,,,,,,291,17,,,,,,,,,,,,182,,,,,,113,,,,35,,,,,,,,,,,,,,,,,296,,,,,,386,,30,,,,,,,,,,,131,,,,,,,,,,,,,,,,,518,220,131,,,,,68,,,,,,,,,,,,,,,,310,,375,633,292,373,542,123,,227,422,81,,1251,,,,,,,,,,,,,,,,,,,,,,,,,,,,,,,,,,,,,,,,,,,,,,,,,,,,,,,,257,,36,82,,149,,273,459,409,,39,246,175,,203,,,,85,175,,,26,,178,121,168,111,150,638,,,,,,,,,,,,,,,,,,,,,,,,,,,,,,,,,,,,751,260,,698,,250,,,268,79,,,,,161,,,,,,,,,186,341,65,,,,,,,,,,,,,,,,,,,,,,,,,,,,,,,,,,,,,,,,566,,314,308,,,132,,,,,,,,,,,,,496,,,,,,,,,,
2026-04-16T04:55:01+00:00,192,,,,,,,253,,,,,327,,,119,,,,1236,,,393,,,,,,,114,956,,78,,,,,,,145,,,,,31,,,,,,,299,43,,,14,47,13,,,,8,102,180,,235,,,,,,,322,,,,216,312,220,298,211,132,,,197,,448,179,312,400,277,,772,,,276,,481,502,42,,266,279,546,,821,70,798,276,81,624,206,310,792,,,148,76,,,874,198,,516,,,389,,,,,,,,,,,,,,,,,,,,,,,,,,,,,,,,,,470,553,397,,,,966,336,,,,395,466,1008,437,163,149,144,137,200,,,,,,,,,,,,,,,,,,,,,,,,,,,,,,,,,,,,,,,,,,,,,,,,,,,,160,,,17,,,,,,,,,,438,,,,,,,,112,112,,,33,,,,,,,,,,,,,,,,,295,,,,,,385,,,107,,,,,,,,,,,,,,,,,,,,,,,,,,,517,216,129,,174,415,,65,,,,,,,,,,,,,,,,,330,,624,289,368,539,120,,228,421,80,,1239,,,,,,,,,,,,,,,,,,,,,,,,,,,,,,,,,,,,,,,,,,,,,,,,,,,,,,,,254,,35,,114,148,64,269,457,,,,239,172,,,,,,84,174,,,,242,176,120,162,,,623,,,43,127,,428,,1183,279,295,128,196,228,,,,,,,,,,,,,,,,,,,,,,,748,261,189,696,,249,,,,,,,,,,,,,,,,,,,,,,,,,,,,,,,,,,,,,,,,,,,,,,,,,,,,,,,455,62,,,,,202,312,307,,193,129,,,,,478,,,,,,,,,,,550,,,,,,,
2026-04-16T05:00:01+00:00,,,,,,41,,,,,,,326,,,116,,,,1232,,,385,,,,,,,115,953,,75,70,,,,,2,,,,,,28,,,,,,,298,42,,,,45,,93,,,,103,,,,,,,,,,319,,,163,217,,,,,,,,,,447,178,,394,276,164,,,,277,,474,500,,,264,278,543,,820,71,796,273,80,615,,308,783,,,,,,,,,,,,,,,,,,,315,,,,,485,,,,,192,215,,,,,,,,,,,,,,,,,464,551,395,,,,961,,627,352,403,,,,,,,,,,,,,194,,192,,223,,,495,,,290,219,,,,,489,374,,1540,1254,75,,,,266,,,,,185,459,,,334,,,,,,,,,,,,,,159,,,17,,,,,,,,,,436,,181,,,,,,113,110,,,32,,99,,,,,,,,,,,,,,,,,,,,,382,,28,,,,,,160,,,,,,,,,,,,,,,,,,,,,148,513,209,127,270,172,,,61,,,,,,,,,,,,,,,,311,329,372,621,288,362,,118,,225,,81,,1222,,,,,,,,,,,,,,,,,,,,,,,,,,,,,,,,,,,,,,,,,,,,,,,,,,,,,,,,248,,32,81,,,,268,453,405,,38,233,170,,,,,,82,,281,,,235,175,119,153,,151,599,,,,,,,,,,,,,,,,,,,,,,,,,,,,,,,,,,,,743,,,694,,,,,,,,,,,,,,,,,,,,,,,,,,,,,,,,,,,,,,,,,,,,,,,,,,,,,,,,,454,,352,,87,,,,305,,194,128,,,,,,,,,59,,,,495,,,549,,,,81,,346,
2026-04-16T05:05:02+00:00,189,243,,,642,,,,307,332,,,325,,,115,,,,1230,,441,376,,,,,,,,947,20,72,69,,,,,3,,,,,,23,,,,,,,296,,,,,46,,90,,177,,100,177,,234,,42,,,,,,,,165,215,307,,299,207,,,,,,443,175,306,384,275,162,771,,,275,230,468,496,,120,261,275,542,,818,,783,266,74,589,203,305,765,,,146,74,,,858,196,278,515,,,,,,,,,,,,,,,,,,,,,,,,,,,,,,,,,,,,294,458,,394,,,,956,,626,350,402,394,,985,441,154,127,145,131,196,,356,,187,,190,154,220,,,493,,,288,216,,,,,485,373,,1519,1227,72,,,,262,,,,,184,453,,,332,,,,,,,,,,,,,,,,293,17,,,,,,,,,,434,,,,,,,,,107,,,,,98,,,,,,,,,,,,,,,291,,,,,,377,,,,,,,,,,,,,129,,,,,,,,,,,,,,,,146,507,203,126,268,173,414,,50,,,,,,,,,,,,,,,,310,,371,,285,361,,,,,,,,1214,,,,,,,,,,,,,,,,,,,,,,,,,,,,,,,,,,,,,,,,,,,,,,,,,,,,,,,,239,,,,,145,66,259,448,404,,,224,167,,202,,,11,83,173,,179,25,225,173,117,146,109,,572,,143,,119,,427,,1178,278,290,,,227,,,,,,,,,,,,,,,,,,,,,,,741,258,190,688,,248,6,158,,70,128,,,4,162,229,304,,,310,82,348,,178,339,66,,,,,,,,,,,,,,,,,,,,,,,,,,,,,,,,,,,,61,351,,88,564,,311,,,193,124,229,75,428,,477,251,,,,,,,496,,,545,,169,,,,,
2026-04-16T05:10:02+00:00,186,242,,,,43,,252,,,,286,322,,,111,,,,1224,,,363,,,,,,,,940,19,69,68,,,,,1,144,,,123,,22,,,,,139,,293,,,,13,43,,88,,176,,98,,,235,,,,,,,318,,,,213,,,,,,,,,,,,,,,,,,,,,,,,,,,,,,,,,,,,,,,,,,,,,,,,,,,,,,,,,,,,,480,,,,,,216,,,,,,,,,,,,,,,,290,453,550,386,,,,951,334,,,,,,,,,,,,,,,,,,,,,,,,,,,,,,,,,,,,,,,,,,,,,,,,,,,,,,,,,,,,,,,,,,292,17,,,,,,,,,,435,,,,,,,,,106,,,,,95,,,,,,,,,,,,,,,295,,,,,,372,,,106,,,,,158,,,,,126,,,,,,,,,,,,,,,,,504,198,123,267,,,,51,67,,,,,,,,,,,,,,,309,325,369,616,279,360,533,115,,223,,,,1197,,,,,,,,,,,,,,,,,,,,,,,,,,,,,,,,,,,,,,,,,,,,,,,,,,,,,,,,229,137,28,,113,,,250,442,403,,,220,164,,196,,,,,,280,,24,212,,113,136,106,,547,,,42,,,,,,,,,,,,,,,,,,,,,,,,,,,,,,,,,739,254,185,680,,247,,,,,,,,,,,,,,,,,,,,,,,,,,,,,,,,,,,,,,,,,,,,,,,,,,,,,,,,62,,,,,,,,,192,123,228,,427,,,,,,,,,,492,,,,,162,,,,347,
2026-04-16T05:15:02+00:00,184,235,,,640,41,,251,306,,,285,319,,,110,,,,1223,,440,352,386,,,,,,,936,20,67,69,,,,,,143,,,125,,,,,,,,,291,41,,,15,,11,86,,,7,101,174,,,97,41,,,,,316,,,,214,309,219,297,205,,,,,,,174,305,381,274,160,770,,,,229,466,494,41,,256,276,,,816,,,,73,579,202,,766,,,,71,105,213,852,197,,514,,,,,,,,,,,,,,,,,,,,,,,,,,,,,,,,,,,,287,449,549,379,69,,,946,,625,351,399,,464,962,,,122,,128,195,249,,,185,,,155,216,49,,,,,,209,,,,,484,370,,1503,1198,,,,,260,,,,,424,449,204,154,,,,,,,,,,,,311,,,161,,294,17,,,,,,,,,,433,,180,,,,,,112,103,,,29,,92,,,,,,,,,,,,,,,299,,,,,,371,,,105,,,,,154,,,,,127,,,,,,,,,,,,,,,,,499,186,121,,170,,,49,,,,,,,,,,,,,,,,310,323,363,615,276,353,531,114,,,415,78,,1164,,,,,,,,,,,,,,,,,,,,,,,,,,,,,,,,,,,,,,,,,,,,,,,,,,,,,,,,224,,27,80,112,144,,245,441,,,,219,165,,195,,,,81,,,,,210,,112,129,105,,528,,,,108,,425,,1173,277,,127,192,226,,,,,,,,,,,,,,,,,,,,,,,,253,186,675,,245,,,,,,,,,,,,,,,,,,,,,,,,,,,,,,,,,,,,,,,,,,,,,,,,,,,,,,,,,349,,,,200,309,,,194,121,226,,428,195,476,250,,,,,,,,129,,,,160,,,,345,
2026-04-16T05:20:01+00:00,,231,,,638,,,248,305,329,,281,318,,,109,,,,1221,,438,339,,,,93,,,,932,16,66,,167,,,,,142,,,,,,,,,,,,292,40,,,,42,10,88,,,8,103,169,,234,98,40,,,,,312,,,,213,,,,,,,,,,440,171,301,374,272,157,769,70,,273,228,460,491,39,,244,274,535,255,704,72,775,259,72,537,200,302,753,,,141,70,,,,,,,,,,,,,,,,,,,,475,,,,,191,213,,,,,,,,,,,,,,,,284,444,547,373,,,,945,,622,350,397,,,,,,,,,,,,,,,,,,,,,,,,,,,,,,,,,,,,,,,,,,,,,,,,,,,,,,,,,,,,,157,,299,17,,,,,,,,,,,,,,,,,,113,102,,,,,90,,,,,,,,,,,,,,,297,,,,,,370,,29,104,,,,,153,,,,,128,,,,,,,,,,,,,,,,,497,173,120,265,169,411,,44,66,,,,,,,,,,,,,,,309,320,359,,273,347,525,,,221,411,79,,1156,,,,346,,132,,,,,,,,52,,,222,125,41,37,,,,,,,22,175,325,,,334,,,,,,,,,,,,33,,,,,,,,,,,,215,133,,79,108,139,64,242,436,,32,37,209,154,42,191,,,8,,171,278,178,,187,170,108,114,103,,507,33,142,41,100,,418,,1171,318,284,128,191,224,,,,,,,,,,,,,,,,,,,,,,,736,252,,668,66,241,7,,,63,,198,54,1,159,,303,,,309,79,343,,174,340,67,,,,,,,,,,,,,,,,,,,,,,,,,,,,,,,,,,110,,,345,275,,,,,,,,119,,,426,194,477,,,,,,,,491,,,542,,159,,,,344,
2026-04-16T05:25:01+00:00,,229,,131,633,40,,,304,328,,,317,,,105,,,,1216,,,321,387,,,95,,,,927,17,65,,171,,,,,141,,,126,,23,,,,,140,,291,,,,16,40,,86,,,,,166,,232,97,,,,,,313,,,,214,,218,,206,,,,,,,,,,,,,,,,,,,,,,,,,,,,,,,,,,,,,,,212,844,196,,512,,,388,,,,,,,,,,,,,,,,,,,,,,,,,,,,,,,,,281,437,542,368,68,,,937,,621,,395,392,463,913,438,155,113,142,124,186,245,,188,184,,189,152,,,,,,,,202,,,,,481,369,,1477,1169,73,,,,256,,,,,423,443,203,153,328,,,,,,,,,,,307,,,154,,301,17,,,,,,,,,,,,179,,,,,,,103,,,30,,,,,,,,,,,,,,,,,295,,,,,,364,,,101,,,,,150,,,,,126,,,,,,,,,,,,,,,,145,492,168,116,263,167,410,,39,67,,,,,,,,,,,,,,,305,319,354,613,262,332,519,111,,219,407,77,,1138,,,,345,,,,,,,,,,,,,,,42,,,,,,,,,,324,,,335,,,,,,,,,,,,31,,,,,,,,,,,,211,132,,,107,137,,239,431,400,,,208,153,,189,,,7,,170,279,,,182,,107,112,100,,483,,143,,,,,,,,,,,,,,,,,,,,,,,,,,,,,,,,,,733,251,185,666,,235,,,,,,,,,,,,,,,,,,,,,,,,,,,,,,,,,,,,,,,,,,,,,,,,,,,,,,,455,64,342,,,,,,306,62,,118,227,,,,476,,,,,,,,,128,,541,,156,,,,343,
2026-04-16T05:30:01+00:00,,219,,,629,,,249,,327,,278,313,,,104,,,,1211,,,314,388,,,98,,,114,923,,58,68,172,,,,0,140,,,125,,,,,,,,,286,36,,,,39,11,85,,175,9,104,162,,233,,39,,,,,309,,,,211,,,,,,,,,,439,168,299,371,268,156,768,69,,,227,454,487,,,241,,534,,700,71,770,254,,509,198,298,747,,,,69,,,,,,,,,,,,,,,,,,,,471,,,,,,212,,,,,,,,,,,,,,,,279,433,539,357,,,,930,,618,,,,,,,,,,,,,,,,,,,,,,,,,,,,,,,,,,,,,,,,,,,,,,,,,,,,,,,,,,,,,,,153,,305,17,150,,,,,,,,,432,,178,,,,,,,98,,,29,,85,,,,,,,,,,,,,,,291,,,,,,,,,,156,,,,,,,,,123,,,,,,,,,,,,,,,,,475,166,113,,,409,,,66,,,,,,,,,,,,,,,,317,349,607,260,327,516,108,,215,403,,,1121,,,,346,,131,,,,,,,,50,,,220,,43,,,,,450,,,,176,325,,,334,,,,,,,,,,,,30,,,,,,,,,,,,206,129,25,78,106,132,63,230,423,,,36,198,151,,188,,,5,78,167,278,177,17,167,167,99,100,97,150,466,34,,40,,,,,,,,,,,,,,,,,,,,,,,,,,,,,,,,,729,249,,657,67,229,,,,,,,,,,,,,,,,,,,,,,,,,,,,,,,,,,,,,,,,,,,,,,,,,,,,,,,454,,338,,,,199,,307,,196,115,226,74,,192,475,,,,,,,,488,,,540,,,,,,341,
2026-04-16T05:35:02+00:00,182,217,,130,628,39,71,247,303,,,279,308,,,103,,,,1206,,439,308,391,,,,,,112,913,15,,69,173,,,,,,,,,,20,,,,,,,284,38,,,19,38,10,91,,174,,103,159,,,,,,,,,308,,,164,209,308,214,293,205,130,,,,,435,165,295,363,264,150,764,65,,270,224,444,484,37,,233,268,528,253,694,70,766,248,,450,193,295,717,,,135,,104,,830,,276,,,,389,,,,,,,,,,,,,,,,,,,,,,,,,,,,,,,,,277,422,537,353,67,,,929,,,348,392,391,,828,436,149,99,141,,163,,354,185,185,,188,151,214,47,,492,,,284,197,,,,,470,368,,1443,1139,71,,,,251,,,,,424,432,202,148,329,,,,,,,,,,,300,,,152,,314,17,,,,,,,,,,,,,,,,,,,93,,,27,,77,,,,,,51,,,,,,,,,287,,,,,,361,,27,100,,,,,,,,,,,,,,,,,,,,,,,,,,,468,154,109,260,163,408,,43,64,,,,,,,,,,,,,,,300,316,338,596,255,320,510,104,,213,397,76,,1107,,,,,,,,,,,,,,46,,,,124,42,,,,,,,,,175,,,,333,,,,,,,,,,,,,,,,,,,,,,,,205,123,26,,99,131,,222,410,401,31,33,193,144,,183,18,,3,,164,,176,13,150,166,93,95,96,149,447,,142,35,86,,410,68,1167,322,274,129,188,227,,,,,,,,,,,,,,,,,,,,,,,724,,184,653,68,226,,,,,,,,,,,,,,,,,,,,,,,,,,,,,,,,,,,,,,,,,,,,,,,,,,,,,,,,,333,,,,198,308,304,,,111,224,73,,,470,251,,,,,,,,,,538,,155,,,,340,
2026-04-16T05:40:01+00:00,179,203,,,623,37,,246,302,,,277,305,,,101,,,,1204,,440,299,,,,99,,,110,911,16,52,,172,,,,,,,,124,,,,,,,,,,,,,17,,,90,,173,,102,,,232,,37,,,,,309,,,166,,,,,,,,,,,,,,,,,,,,,,,,,,,,,,,,,,,,,,,,,,,,,,,,,,,,,,,,,,,,,,456,,,,,189,205,,,,,,,,,,,,,,,,271,412,526,347,68,,,916,333,,347,389,,,,,,,,,,,,,,,,,,,,,,,,,,,,,,,,,,,,,,,,,,,,,,,,,,,,,,,,,,,,,148,,317,17,149,,,,,,,,,431,,179,,,,,,111,89,,,25,,69,,,,,,50,,,,,,,,37,242,,,,,,362,,24,98,155,,,,142,,,,,118,,,,,54,,,,,,,,,,,,462,146,104,259,161,405,,42,66,,,,,,,,,,,,,,,297,311,337,593,254,315,507,103,,212,394,75,,1101,,,,345,,,,,,,,,,48,,,221,123,,36,,,,,,,,173,,,,332,,,,,,,,,,,,,,,,,,,,,,,,198,121,25,79,93,129,,212,407,399,30,34,188,141,41,179,17,,0,77,160,,,,144,164,90,88,94,,435,,141,32,,,,,,,,,,,,,,,,,,,,,,,,,,,,,,,,,715,242,181,647,,222,9,154,269,52,,199,55,,157,234,302,,,307,78,336,,172,337,65,,,,,,,,,,,,,,,,,,,,,,,,,,,,,,,,,,,450,,332,,,563,197,305,,63,197,,,,427,,,252,,,,,,,487,,,534,,,,,,,
2026-04-16T05:45:02+00:00,177,201,,129,622,,,,,324,,271,,,,98,,,,1200,,437,290,390,,,100,,,,909,14,48,68,173,,,,,137,,,123,,19,,,,,,,281,37,,,,,,89,,172,8,104,154,,,,,,87,,,308,,,165,,307,212,,203,,247,,,,431,166,293,358,261,148,756,63,,268,223,439,482,35,,227,266,518,,691,69,759,,,424,192,292,701,,,132,68,102,208,816,,275,,,,,,,,,,,,,,,,,,,,,,,,,,,,,,,,,,,,,270,404,533,339,66,,,912,,616,342,387,390,460,693,431,145,92,138,121,127,246,349,182,187,,187,149,,46,,491,,,282,,,,,,467,367,,1433,1122,70,,,,249,,,,,422,429,201,145,328,,,,,,,,,,,293,,,146,,319,17,148,,,,,,,,,428,,180,,,,,,,87,,,,,64,,,182,,,,,,,,,,,,239,,,,,,354,,14,,,,,,140,,,,,116,,,,,,,,,,,,,,,,140,452,135,99,258,155,401,,41,65,11,,,,,,,,,,,,,,295,305,329,585,248,310,490,102,,207,392,69,,1087,,,,,,130,,,,,,,,49,,,218,,40,35,,,,,,,,170,,,,330,,,,,,,,,,,,28,,,,,,,,,,,,194,118,24,,92,125,,205,403,398,,,182,139,,178,,,,76,158,279,175,14,134,161,,83,89,,424,,140,,69,,396,,1161,324,268,,186,228,,,,,,,,,,,,,,,,,,,,,,,712,239,,639,,218,,,,,,,,,,,,,,,,,,,,,,,,,,,,,,,,,,,,,,,,,,,,,,,,,,,,,,108,,,331,311,,564,195,302,,,196,112,225,72,424,193,,254,,,,,,,486,127,,532,,154,,,,341,
2026-04-16T05:50:01+00:00,175,,,128,619,35,,245,301,322,,,301,,,94,,,,1195,,432,277,389,,,,,,109,905,,44,67,,,,,,,,,121,,,,,,,138,,279,,,,18,36,,88,,170,7,103,151,,,,,,,,,304,,,,205,301,209,292,199,,,,,,,,,,,,,,,,,,,,,,,,,,,,,,,,,,,,,,,,810,195,276,513,,,390,,,,,,314,,,,,455,,,,,187,201,,,,,,,,,,,,,,,,265,389,531,343,65,,,902,332,613,338,385,,,,,,,,,,,,,,,,,,,,,,,,,,,,,,,,,,,,,,,,,,,,,,,,,,,,,,,,,,,,,144,,320,17,145,,,,,,,,,,,,,,,,,,,,,,,,,,,,,,,,,,,,,,237,,,,,,349,,13,,,,,,137,,,,,115,,,,,,,,,,,,,,,,,,,,,,,,,,,,,,,,,,,,,,,,293,301,319,577,243,298,474,100,,205,385,65,,1065,,,,,,,,,,,,,,,,,,,,,,,,,,,,,,,,,,,,,,,,,,,,,,,,,,,,,,,,,,,,,,,,,,,,,,,,,,,,,,,,,,,,,,,,,,,,,,,,,,,,,,,,,,,,,,,,,,,,,,,,,,,,,,,,,,,,,,,,,,,,,,,,,,,,,,,,,,,,,,,,,,,,,,,,,,,,,,,,,,,,,,451,66,,,,,,,305,62,197,110,226,,423,,471,252,,,60,,,,,128,,529,,152,,,,340,
2026-04-16T05:50:02+00:00,,,,,,,,,,,,,,,,,,,,,,,,,,,,,,,,,,,,,,,,,,,,,,,,,,,,,,,,,,,,,,,,,,,,,,,,,,,,,,,,,,,,,,,,,,,,,,,,,,,,,,,,,,,,,,,,,,,,,,,,,,,,,,,,,,,,,,,,,,,,,,,,,,,,,,,,,,,,,,,,,,,,,,,,,,,,,,,,,,,,,,,,,,,,,,,,,,,,,,,,,,,,,,,,,,,,,,,,,,,,,,,,,,,,,,,,,,,,,,,,,,,,,427,,179,,,,,,110,81,,,,,57,,,,,,,,,,,,,,,,,,,,,,,,,,,,,,,,,,,,,,,,,,,,,,,,,,,442,128,93,256,152,396,,33,64,,,,,,,,,,,,,,,,,,,,,,,,,,,,,,,,344,,131,,,,,,,,48,,,210,117,38,,,,,,,,,169,,,,327,,,,,,,,,,,,,,,,,,,,,,,,188,114,21,,,120,64,199,394,390,27,,175,135,,172,16,,,74,155,278,,8,114,159,86,75,82,,398,,,30,45,,385,,1155,,262,127,180,224,,,,,,,,,,,,,,,,,,,,,,,713,236,176,626,69,212,8,151,,45,,,,6,154,238,303,,,306,77,335,,170,,64,,,,,,,,,,,,,,,,,,,,,,,,,,,,,,,,,,,,,,,,,,,,,,,,,,,,,,,,,,,,,,,,,,,,,
2026-04-16T05:55:01+00:00,171,198,,,613,,,244,299,320,,267,302,,,92,,,,1193,,,270,390,,,,,,,897,,,70,172,,,,,,,,120,,,,,,,139,,278,,,,22,38,9,85,,169,,99,147,,233,96,,,,,,299,,,,,299,207,291,200,126,246,,,,426,162,289,356,251,146,749,60,213,267,219,430,481,31,,213,261,515,,688,,749,241,73,373,189,286,664,,,129,65,101,207,802,,,514,,,,,,,,,313,,,,,448,,,,,186,200,,,,,,,,,,,,,,,,264,380,530,334,63,,,893,,609,334,382,388,451,614,417,139,83,136,119,109,241,344,175,185,,185,147,211,,,492,,,279,193,,,,,455,366,,1413,1089,,,,,245,,,,,420,422,197,143,323,,,,,,,,,,,288,,,141,,318,17,144,,,,,,,,,,,180,,,,,,107,79,,,,,51,,,181,,,48,,,,,,,,,227,,,,,,346,,12,95,,,,,133,,,,,113,,,,,,,,,,,,,,,,137,423,104,90,254,150,389,,34,65,10,,,,,,,,,,,,,,288,293,310,561,238,288,467,96,,202,382,61,,1052,,,,,,,,,,,,,,45,,,213,,41,33,,,,447,,,,167,326,,,324,,,,,,,,,,,,25,,,,,,,,,,,,186,112,19,,89,119,62,193,386,383,,,169,,39,169,15,,,,152,275,174,6,96,157,79,71,80,,387,,,29,,,,,,,,,,,,,,,,,,,,,,,,,,,,,,,,,710,231,171,613,,208,,,270,42,,,,,,,,,,304,76,334,,167,,63,,,,,,,,,,,,,,,,,,,,,,,,,,,,,,,,,,,447,,328,,,,194,299,302,61,,111,225,,420,191,472,253,,,,,,,482,,,528,,150,,,,,
2026-04-16T06:00:01+00:00,,192,,129,607,37,,242,,,,264,299,,,84,,,,1186,,429,255,,365,,101,,,111,885,15,36,68,173,,,,,133,,,118,,15,,,,,,,272,,,,,37,,84,,168,,102,142,,,,,18,86,,,,,,,204,,,,,,,,,,,161,284,353,248,145,740,58,214,265,217,425,,,,206,256,511,252,687,70,743,239,75,358,,283,645,,,,,,,,,,,,,,,,,,,,,,,,,,,,,,,,,,,,,,,,,,,,,,268,365,527,327,64,,,883,328,603,332,373,,,,,,,,,,,,,,,,,,,,,,,,,,,,,,,,,,,,,,,,,,,,,,,,,,,,,,,,,,,,,,,,17,143,,,,,,,,,419,,178,,,,,,,69,,,24,,43,,,178,,,46,,,,,,,,40,223,,,,,,336,,7,,,,,,129,,,,,112,,,,,,,,,,,,,,,,,413,95,84,250,147,385,,33,66,9,,,,,,,,,,,,,,281,287,306,552,233,280,456,94,,201,377,59,,1039,,,,343,,133,,,,,,,,43,,,212,116,36,,,,,446,,,,166,324,,,323,,,,,,,,,,,,24,,,,,,,,,,,,181,109,16,75,88,118,61,183,378,379,26,33,164,132,37,164,14,,,72,151,272,172,0,81,152,76,62,75,147,359,,,27,,,,,,,,,,,,,,,,,,,,,,,,,,,,,,,,,706,227,167,606,,205,,,,,,,,,,,,,,,,,,,,,,,,,,,,,,,,,,,,,,,,,,,,,,,,,,,,,,107,,,326,,,565,191,297,301,58,198,107,224,,415,188,,,,,61,,,,474,,,524,,149,,,,,
2026-04-16T06:05:01+00:00,169,188,,,599,39,,238,,,,262,297,,,81,,,,1185,,428,240,,362,,100,,,,879,14,34,,172,,,,,131,,,117,,14,,,,,140,,271,35,,,19,34,,79,,167,,,132,,,,,,85,,,295,,,163,203,297,201,290,198,127,242,,,,,,,,,,,,,,,,,,,,,,,,,,,,,,,,,,,,97,205,775,191,,515,,,387,,,,,,,,,,,438,,,,,,197,,,,,,,,,,,,,,,,262,349,525,314,62,,,873,325,598,333,368,384,437,548,406,128,76,135,114,97,234,336,172,,,,,,,,,,,,,,,,,,,,,,,,,,,,,,,,,,,,,,,,,,,,,,,,,137,,,17,138,,,,,,,,,417,,179,,,,,,108,66,,,,,38,,,,,,,,,,,,,,,222,,,,,,331,,8,92,,,,,125,,,,,110,,,,,,,,,,68,,,,,,,402,83,77,241,141,383,,27,,,,,,,,,,,,,,,,278,282,299,539,228,270,453,91,,197,373,53,,1026,,,,344,,,,,,,,,,,,,213,,35,31,,,,449,,,,165,,,,320,,,,,,,,,,,,23,,,,,,,,,,,,176,103,15,73,84,112,62,169,377,378,24,,160,127,35,161,,,1,68,149,270,179,,67,146,72,56,74,145,337,,,26,24,,373,69,1146,321,266,126,171,214,,,,,,,,,,,,,,,,,,,,,,,,224,166,590,,209,11,147,274,31,126,197,,10,153,243,299,,,302,71,325,,,342,61,,,,,,,,,,,,,,,,,,,,,,,,,,,,,,,,,,,443,,,,,,189,296,298,,197,103,,,410,187,,253,,,,,,,,,,521,,148,,,,,
2026-04-16T06:10:01+00:00,166,182,,127,591,,,237,300,317,,264,288,,,75,,,,1182,,427,227,392,360,,98,,,,874,13,26,69,,,,,,,,,116,,,,,,,,,275,,,,,32,8,75,,164,6,98,130,,232,95,38,,,,,293,,,164,201,,,,,,,,,,425,152,281,341,239,144,733,51,213,262,213,409,479,32,119,194,254,506,249,684,69,737,243,79,330,188,276,603,,,122,60,,,,,,,,,,,,,,,,,,,,,,,,,,,,,,,,,,,,,,,,,,260,340,511,303,59,,,864,,596,328,361,,,,,,,,,,,,,178,,,143,210,,,487,,,277,189,,,,,447,363,,1382,1067,,,,,240,,,,,417,415,,141,319,,,,,,,,,,,287,,,134,,,17,134,,,,,,,,,413,,178,,,,,,107,63,,,,,36,,,,,,,,,,,,,,,218,,,,,,326,,5,,154,,,,,,,,,109,,,,,53,,,,,,,,,,,132,396,73,72,235,137,380,,,62,8,,,,,,,,,,,,,,274,277,292,533,227,258,434,,,192,370,47,,1020,,,,343,,,,,,,,,,45,,,210,115,34,,,,,,,,,164,,,,,,,,,,,,,,,,21,,,,,,,,,,,,171,100,12,71,83,108,59,156,368,377,,,155,125,34,157,13,,,66,144,267,,,60,,,50,70,144,321,,139,25,6,,358,,1133,316,265,,167,210,,,,,,,,,,,,,,,,,,,,,,,698,223,163,586,70,,12,146,273,29,125,,56,,,,,,,303,70,321,,166,344,59,,,,,,,,,,,,,,,,,,,,,,,,,,,,,,,,,,,444,64,322,,,,187,294,297,59,,102,226,71,412,186,470,250,,,60,,,,,,,520,,,,,,339,
2026-04-16T06:15:01+00:00,165,178,,128,586,37,,233,299,316,,266,286,,,71,,,,1173,,426,216,394,358,,,,,110,870,12,24,68,173,,,,,130,,,,,15,,,,,,,272,36,,,18,34,7,72,,161,,97,128,,,94,37,,,,,,,,165,202,,197,286,,125,239,,196,,,,,,,,,,,,,,,,,,,,,,,,,,,,,,,,,,87,201,754,187,275,,58,,388,,,,,,311,,,,,429,,,,,185,195,,,,,,,,,,,,,,,,273,330,507,292,58,,,849,,592,325,353,381,424,511,398,,68,,110,92,229,329,160,173,,182,141,209,,,483,,,273,188,,,,,432,362,,1347,1046,,,,497,237,,,,,416,400,194,137,312,,,,,,,,,,,,,,131,,317,17,129,,,,,,,,,407,,177,,,,,,106,62,,,23,,35,,,177,,,,,,,,,,,,215,,,,,,325,,7,,,,,,122,,,,,110,,,,,,,,,,,,,,,,127,385,62,67,231,132,378,,24,,,,,,,,,,,,,,,,269,265,288,524,225,251,424,88,,189,360,46,,1016,,,,,,132,,,,,,,,48,,,202,114,33,30,,,,450,,,,163,,,,319,,,,,,,,,,,,20,,,,,,,,,,,,166,99,,,82,107,,148,362,374,23,34,154,131,36,155,,,,68,141,268,,,56,144,70,48,67,,301,33,,23,,,,,,,,,,,,,,,,,,,,,,,,,,,,,,,,,699,220,159,579,,202,,,,,,,,,,,,,,,,,,,,,,,,,,,,,,,,,,,,,,,,,,,,,,,,,,,,,,,442,63,318,,,563,,293,,60,,101,227,69,410,,467,,,,61,,,,472,,,515,,147,,,,,
2026-04-16T06:20:02+00:00,164,174,,127,576,,,230,,313,,265,281,,,66,,,,1164,,424,203,393,359,,97,,,108,864,13,20,,174,,,,,127,,,,,14,,,,,,,270,37,,,,33,8,71,,160,3,99,122,,,,,17,,,,280,46,,,,294,192,283,196,121,,,195,,421,143,277,329,222,137,721,38,214,260,210,390,474,,,182,244,500,,674,,719,225,,278,179,271,581,,,118,53,86,199,748,185,,512,,,387,,,,,,,,,,,,,,,,,,,,,,,,,,,,,,,,,269,320,513,283,56,,,842,,590,321,347,,,,,,,,,,,,,,,,,,,,,,,,,,,,,,,,,,,,,,,,,,,,,,,,,,,,,,,,,,,,,128,,,17,127,,,,,,,,,404,,178,,,,,,,63,,,21,,31,,,,,,,,,,,,,,38,,,,,,,320,,8,90,,,,,119,,,,,108,,,,,56,,,,,67,,,,,,125,379,59,60,227,128,374,,16,,,,,,,,,,,,,,,,265,257,275,512,216,233,415,84,,182,356,44,,1006,,,,342,,,,,,,,,,47,,,,111,,27,,,,449,,,,161,325,,,316,,,,,,,,,,,,17,,,,,,,,,,,,164,96,10,69,81,105,,141,361,373,,33,144,,34,152,12,,,69,135,266,178,,51,140,65,44,63,143,286,,140,22,4,,348,67,1128,315,263,,166,207,,,,,,,,,,,,,,,,,,,,,,,694,219,,571,,193,,,,,,,,,,,,,,,,,,,,,,,,,,,,,,,,,,,,,,,,,,,,,,,,,,,,,,106,441,64,,,,562,183,287,298,61,196,97,225,,406,185,465,249,,,59,,,,471,127,,,,143,,,,333,
2026-04-16T06:25:01+00:00,158,165,,,569,38,,229,296,312,,260,278,,,65,,,,1163,,422,190,390,358,,99,,,107,859,11,19,66,173,,,,,124,,,115,,,,,,,,,269,35,,,13,31,,65,,155,4,,120,,,95,,,,,,278,,,166,197,,,,,,,,,,418,142,264,319,206,125,713,31,,252,207,372,471,33,,167,236,486,248,670,,712,218,80,216,177,258,544,,,117,50,,,,,,,,,,,,,,,306,,,,,417,,,,,181,188,,,,,,,,,,,,,,,,266,312,514,276,54,,,835,324,588,318,343,,410,473,389,127,61,129,106,86,225,324,142,170,,178,142,202,43,,482,,,269,182,,,,,424,359,,1331,1029,67,,,,234,,,,,411,395,193,136,311,,,,,,,,,,,281,,,121,,,17,125,,,,,,,,,395,,177,,,,,,107,54,,,,,19,,,173,,,43,,,,,,,,,213,,,,,,316,,7,89,153,,,,111,,,,,106,,,,,,,,,,71,,,,,,116,368,48,52,222,,371,,7,59,,,,,,,,,,,,,,,258,246,267,508,208,227,408,82,,177,350,,,1005,,,,343,,,,,,,,,,46,,,201,,,26,,,,,,,,159,324,,,313,,,,,,,,,,,,15,,,,,,,,,,,,158,93,11,68,79,103,56,134,359,364,,34,137,129,,148,,,,68,133,260,,,48,,61,39,61,,253,,,21,0,,337,65,1124,,264,,,203,,,,,,,,,,,,,,,,,,,,,,,693,218,154,554,,187,14,134,274,14,119,195,52,15,150,242,301,,,302,61,310,,160,341,56,,,,,,,,,,,,,,,,,,,,,,,,,,,,,,,,,,,440,62,315,,,,181,283,,,197,90,223,68,405,182,463,,,,58,,,,468,,,514,,140,,,,,
2026-04-16T06:30:01+00:00,155,158,,,560,36,,226,297,310,,259,268,,,63,,,,1151,,417,173,396,,,,,,108,845,10,18,,171,,,,,121,,,113,,,,,,,139,,265,37,,,16,27,,64,,151,3,98,114,,,97,36,16,84,,,,,,,195,286,185,273,194,115,236,,194,,416,140,262,306,198,122,710,27,,246,205,366,469,31,118,160,,480,,665,68,703,210,79,191,169,254,524,,,116,41,85,198,724,183,276,511,,,,,,,,,,,,,,,,,,,,,,,,,,,,,,,,,,,,271,296,509,,53,,,830,323,585,314,335,,,,,,,,,,,,,,,,,,,,,,,,,,,,,,,,,,,,,,,,,,,,,,,,,,,,,,,,,,,,,118,,,17,123,,,,,,,,,390,,174,,,,,,,46,,,,,20,,,172,,,42,,,,,,,,36,208,,,,,,,,6,87,,,,,112,,,,,,,,,,,,,,,74,,,,,,115,364,42,49,221,123,369,,4,58,,,,,,,,,,,,,,,256,238,258,499,200,221,403,79,,172,351,38,,1001,,,,341,,,,,,,,,,,,,,108,31,25,,,,450,,,,154,325,,,306,,,,,,,,,,,,14,,,,,,,,,,,,153,91,,65,78,101,,123,355,356,,33,139,125,36,144,,,2,66,131,257,,,45,136,,34,54,142,237,,,20,,,325,,1121,310,261,,,201,,,,,,,,,,,,,,,,,,,,,,,687,214,151,548,72,,,,,,,,,,,,,,,,,,,,,,,,,,,,,,,,,,,,,,,,,,,,,,,,,,,,,,,,,66,317,309,,,174,280,295,62,201,88,221,,400,179,,253,,,,,,,467,,,510,,138,,,,332,
2026-04-16T06:35:01+00:00,152,155,,,550,37,,,295,304,,256,263,,,62,,,,1143,,411,170,395,357,,,,,,842,,,67,172,,,,,120,,,111,,12,,,,,140,,260,36,,,15,26,,65,,148,0,99,110,,,98,37,17,,,,275,,,167,192,,181,269,,114,234,,192,,,,,,,,,,,,,,,,,,,,,,,,,,,,,,,,,,80,195,712,,275,510,,,,,,,,,300,,,,,397,,,,,180,183,,,,,,,,,,,,,,,,272,285,503,266,,,,817,321,583,313,332,376,402,445,378,124,53,124,,84,224,315,131,166,,177,143,197,,,480,,,261,180,,,,,412,,,1293,994,66,,,,229,,,,,407,385,,132,304,,,,,,,,,,,275,,,115,,316,17,120,,,,,,,,,386,,176,,,,,,106,,,,22,,18,,,,,,,,,,,,,,35,204,,,,,,,,,,152,,,,107,,,,,,,,,,,,,,,,,,,,,111,357,34,44,218,,367,,0,,,,,,,,,,,,,,,,253,217,259,491,196,215,391,74,,166,344,42,,998,,,,340,,131,,,,,,,,47,,,200,109,,,,,,,,,23,,326,,,303,,,,,,,,,,,,10,,,,,,,,,,,,,89,7,,,99,55,113,350,351,22,,137,121,37,140,,,,65,127,253,,,44,135,,29,52,141,229,32,139,18,,,317,,1110,308,,127,163,198,,,,,,,,,,,,,,,,,,,,,,,679,210,147,532,73,182,,,,,,,,,,,,,,,,,,,,,,,,,,,,,,,,,,,,,,,,,,,,,,,,,,,,,,,439,64,310,,,,168,274,,,199,85,220,67,401,,462,254,,,,,,,465,126,,508,,137,,,,,
2026-04-16T06:40:02+00:00,149,154,,,536,39,,,,302,,253,262,,,59,,,,1133,,,160,394,355,,98,,,106,838,9,17,66,,,,,,,,,,,11,,,,,,,259,34,,,14,,,58,,145,,98,102,,231,97,36,,,,,263,45,,,189,,,,,,,,,,412,135,256,299,191,114,707,25,,245,,363,467,25,,154,233,476,246,662,70,688,198,,162,168,249,508,,,114,37,73,190,688,178,274,505,,,,,,,,,,,,,,,,,,,,,,,,,,,,,,,,,,,,269,280,505,251,54,,,803,,575,310,322,,,,,,,,,,,,,,,,,,,,,,,,,,,,,,,,,,,,,,,,,,,,,,,,,,,,,,,,,,,,,112,,313,17,117,,,,,,,,,384,,175,,,,,,,41,,,,,17,,,,,,41,,,,,,,,32,190,,,,,,299,,5,81,150,,,,102,,,,,104,,,,,,,,,,,,,,,,,349,36,41,,119,,,2,56,,,,,,,,,,,,,,,250,209,255,,194,216,387,73,,157,340,43,,996,,,,338,,,,,,,,,,45,,,196,112,29,24,,,,,,,,156,,,,,,,,,,,,,,,,7,,,,,,,,,,,,141,90,,63,74,95,54,103,343,343,20,,131,115,36,137,11,,,63,117,252,,,41,,56,28,44,139,225,,,17,,,300,64,1096,303,257,126,164,186,,,,,,,,,,,,,,,,,,,,,,,673,207,141,522,72,179,13,122,272,9,112,194,49,25,145,240,291,240,,299,60,296,,157,332,,,,,,,,,,,,,,,,,,,,,,,,,,,,,,,,,,,,435,63,303,,,561,165,271,292,63,201,84,221,,397,177,,255,,,,,,,462,125,,502,,134,,,,331,
2026-04-16T06:45:02+00:00,145,150,,,531,44,,,291,300,,249,259,,,56,,,,1111,,409,144,397,,,97,,,107,833,,15,,169,,,,,,,,110,,10,,,,,139,,257,31,,,15,,7,60,,143,,96,99,,,95,35,,,,,259,47,,169,187,282,,259,185,,231,,,,,138,250,292,187,115,703,23,,243,202,356,464,26,,145,231,470,244,658,,682,192,,146,164,,481,,,115,,,,,,,,,,,,,,,,295,,,,,385,,,,,176,178,,,,,,,,,,,,,,,,270,272,503,243,,,,787,,570,307,318,375,395,411,352,,51,120,104,81,220,304,116,159,,,135,178,40,,474,,,265,175,,,,,385,354,,1230,948,61,,,,224,,,,,404,366,186,120,299,,,,,,,,,,,273,,,111,,311,17,112,,,,,,,,,381,,176,,,,,,104,40,,,21,,15,,,,,,40,,,,,,,,31,188,,,,,,,,3,,149,,,,99,,,,,101,,,,,57,,,,,,,,,,,110,339,29,36,213,118,363,,0,55,,,,,,,,,,,,,,,244,200,251,471,192,213,377,70,,152,,38,,991,,,,337,,,,,,,,,,44,,,197,108,,,,,,,,,,155,323,,,301,,,,,,,,,,,,6,,,,,,,,,,,,134,,6,,72,92,53,96,337,340,,,,113,37,135,,,,62,116,248,,,,133,53,27,45,136,220,,138,14,,,,,,,,,,,,,,,,,,,,,,,,,,,,,,,,,665,206,133,519,73,176,,,,,,,,,,,,,,,,,,,,,,,,,,,,,,,,,,,,,,,,,,,,,,,,,,,,,,105,434,62,304,310,,557,163,269,290,67,203,83,222,,390,175,457,254,,,,,,,,124,,499,,129,,,,,
2026-04-16T06:50:01+00:00,144,152,,,524,45,,222,285,296,,239,255,,,55,,,,1101,,405,137,,,,,,,106,828,8,13,65,167,,,,,,,,108,,11,,,,,,,254,34,,,17,24,8,63,,142,,97,91,,,,34,,,,,,46,,168,,,,,,,,,,,,,,,,,,,,,,,,,,,,,,,,,,,,,,,,,,,69,188,674,177,273,506,59,,,,,,,,294,,,,,380,,,,,173,176,,,,,,,,,,,,,,,,268,256,501,238,49,,,771,320,561,304,312,,,,,,,,,,,,,,,,,,,,,,,,,,,,,,,,,,,,,,,,,,,,,,,,,,,,,,,,,,,,,100,,313,17,109,,,,,,,,,374,,178,,,,,,103,37,,,23,,11,,,169,,,37,,,,,,,,30,186,,,,,,286,,4,77,,,,,92,,,,,98,,,,,,,,,,,,,,,,104,331,23,28,211,112,360,,6,54,,,,,,,,,,,,,,,243,193,241,464,188,211,373,,,151,329,40,,990,,,,336,,,,,,,,,,43,,,198,107,,22,,,,449,,,,152,322,,,298,,,,,,,,,,,,5,,,,,,,,,,,,133,86,3,55,70,91,,87,326,335,,32,130,109,35,131,10,,,60,114,240,177,,35,130,48,22,46,134,211,,137,12,,,289,,1093,298,258,125,,176,,,,,,,,,,,,,,,,,,,,,,,656,205,128,509,70,172,,,,,,,,,,,,,,,,,,,,,,,,,,,,,,,,,,,,,,,,,,,,,,,,,,,,,,,433,58,302,294,,555,159,266,291,68,202,84,223,69,386,,,,,,,,,,457,122,,500,,128,,,,325,
2026-04-16T06:55:01+00:00,135,151,,125,521,43,,217,282,294,,,252,,,53,,,,1098,,402,124,396,351,,,,,,824,9,11,66,166,,,,,116,,,106,,10,,,,,,,,35,,,19,25,,61,,140,,91,87,,230,96,,18,,,,251,42,,,184,279,178,255,180,,228,,190,,408,125,239,278,172,107,687,21,,240,199,336,461,25,,127,225,466,243,641,,671,179,83,117,160,241,475,,,113,33,,,,,,,,,,,,,,,,,,,,,,,,,,,,,,,,,,,,,,,,,,263,251,493,228,50,,,758,317,558,300,310,372,381,384,333,122,45,115,105,78,215,293,104,156,,173,133,172,39,,473,,,264,174,,,,,380,,,1223,936,60,,,,222,,,,,402,356,185,117,296,,,,,,,,,,,,,,95,,310,17,108,,,,,,,,,367,,179,,,,,,,,,,22,,9,,,,,,38,,,,,,,,,179,,,,,,277,,,73,,,,,87,,,,,96,,,,,,,,,,,,,,,,103,316,19,22,203,108,357,,0,52,,,,,,,,,,,,,,,235,186,233,456,184,206,371,71,,149,325,33,,985,,,,337,,130,,,,,,,,44,,,197,108,28,20,,,,,,,,143,,,,297,,,,,,,,,,,,1,,,,,,,,,,,,130,84,0,51,69,,51,80,317,336,,31,126,102,32,129,,,,62,111,234,,,33,128,42,,37,130,205,31,,,,,274,,1086,288,259,126,,173,,,,,,,,,,,,,,,,,,,,,,,643,201,118,494,69,171,,,,,,,,,,,,,,,,,,,,,,,,,,,,,,,,,,,,,,,,,,,,,,,,,,,,,,102,,57,297,293,,,,263,289,69,201,81,222,,380,,456,253,,,59,,,,453,121,,497,,126,,,,322,
2026-04-16T07:00:01+00:00,134,144,55,,515,,,214,279,285,,233,250,,,52,,,,1091,,399,114,393,345,,,,,107,819,8,8,,167,,245,,,113,,,,,9,,,,,137,,252,36,,,17,24,,60,,139,,,83,,,98,33,19,83,,,247,41,,167,187,277,167,241,169,109,223,,186,,403,111,226,267,161,91,680,22,,232,196,316,457,17,119,110,213,442,,629,,655,169,84,110,152,239,441,,,106,30,67,183,661,171,274,504,58,,,,,,,,292,,,,,371,,,,,170,173,,,,,,,,,,,,,,,,259,247,487,220,48,,,749,316,549,296,308,,,,,,,,,,,,,,,,,,,,,,,,,,,,,,,,,,,,,,,,,,,,,,,,,,,,,,,,,,,,,89,,305,17,98,,,,,,,,,362,,180,,,,,,,34,,,17,,8,,,,,,,,,,,,,,29,165,,,,,,262,,5,68,148,,,,83,,,,,97,,,,,0,,,,,,,,,,,,305,16,18,199,103,358,,13,,7,,,,,,,,,,,,,,228,180,224,445,182,199,363,69,,141,319,30,,981,,,,335,,,,,,,,,,,,,,105,29,17,,,,450,,,,138,324,,,293,,,,,,,,,,,,,,,,,,,,,,,,,82,,45,67,88,50,67,313,,,,120,103,34,127,,,,,110,228,174,,30,125,39,20,34,,196,,,10,,,255,65,,278,,125,165,159,,,,,,,,,,,,,,,,,,,,,,,631,195,114,487,70,164,11,106,271,1,105,192,48,26,140,238,285,,,295,58,280,,148,326,49,,,,,,,,,,,,,,,,,,,,,,,,,,,,,,,,,,101,431,56,292,292,,553,157,256,287,70,199,79,221,,375,174,,,,,60,,,,449,,,489,,127,,,,320,
2026-04-16T07:05:02+00:00,133,143,,,513,,,209,276,281,,231,246,,,49,,,,1079,,398,,396,342,,98,,,,816,,,,,,249,,,114,,,105,,,,,,,138,,251,,,,19,23,,62,,138,,92,79,,229,97,31,17,84,,,241,42,,,184,,,,,,,,,,,,,,,,,,,,,,,,,,,,,,,,,,,,,,,,,,,,,,,,,,,,,,,,,,,,,,,,,,,,,,,,,,,,,,,,,,,255,241,483,215,39,,,741,317,534,292,297,370,374,360,325,120,39,112,,77,206,272,96,150,,167,127,167,35,,471,,,258,,,,,,357,353,,1190,920,57,,,,218,,,,,400,343,,112,280,,,,,,,,,,,266,,,87,,310,17,94,,,,,,,,,356,,181,,,,,,104,33,,,,,,,,,,,40,,,,,,,,,153,,,,,,252,,6,67,147,,,,81,,,,,98,,,,,58,,,,,,,,,,,102,300,4,11,192,92,356,,7,55,,,,,,,,,,,,,,,222,168,218,442,174,193,351,66,,133,314,24,,978,,,,,,131,,,,,,,,,,,195,99,28,15,,,,,,,,135,325,,,292,,,,,,,,,,,,0,,,,,,,,,,,,123,78,1,41,62,86,49,59,306,327,,,115,101,35,124,8,,1,60,107,221,,,29,115,33,19,24,126,194,,,8,,,211,64,1079,260,253,123,163,149,,,,,,,,,,,,,,,,,,,,,,,616,188,115,480,67,160,,,,,,,,,,,,,,,,,,,,,,,,,,,,,,,,,,,,,,,,,,,,,,,,,,,,,,,429,53,283,,,554,156,254,285,69,,81,220,68,370,173,451,255,,,,,,,447,,,478,,125,,,,319,
2026-04-16T07:10:01+00:00,131,142,,,503,39,,205,,276,,225,243,,,,,,,1076,,397,109,,,,,,,105,813,9,6,64,168,,248,,,113,,,104,,10,,,,,136,,250,,,,,,,58,,,,91,73,,231,,,18,,,,240,,,,181,278,159,240,164,,220,,,,395,100,207,247,143,88,665,21,,224,193,293,444,15,,100,203,438,244,611,68,633,151,,101,137,232,413,,,97,27,66,178,638,166,273,507,57,,,,,,,,290,,,,,355,,,,,163,168,,,,,,,,,,,,,,,,251,238,478,204,,,,730,316,531,291,287,,,,,,,,,,,,,,,,,,,,,,,,,,,,,,,,,,,,,,,,,,,,,,,,,,,,,,,,,,,,,85,,308,17,89,,,,,,,,,355,,182,,,,,,,28,,,16,,7,,,168,,,39,,,,,,,,,141,,,,,,243,,,,137,,,,83,,,,,93,,,,,57,,,,,,,,,,,,294,3,9,188,91,355,,11,57,,,,,,,,,,,,,,,,165,209,433,173,189,345,65,,126,307,25,,976,,,,334,,,,,,,,,,,,,197,,29,16,,,,,,,,132,323,,,290,,,,,,,,,,,,,,,,,,,,,,,,122,73,,40,59,84,48,51,301,323,,30,119,97,34,123,,,,58,106,217,,,28,,32,,18,128,188,,,,,,,,,,,,,,,,,,,,,,,,,,,,,,,,,,,,598,186,108,471,,150,,93,264,,100,191,41,20,128,234,265,236,,290,53,273,,144,318,46,,,,,,,,,,,,,,,,,,,,,,,,,,,,,,,,,,,427,56,275,290,,552,157,248,280,71,,76,222,66,363,171,447,252,,,59,,,,443,,,476,,121,,,,321,
2026-04-16T07:15:01+00:00,128,140,,124,505,34,,204,274,273,,219,237,,,45,,,,1054,,395,102,397,338,,,,,,809,10,3,65,,,,,,114,,,105,,,,,,,137,,,35,,,18,22,,55,,136,,92,69,,,95,32,,83,,,239,41,,166,179,,,,,,,,,,391,98,196,248,137,83,663,,213,220,192,279,443,16,,89,198,431,242,607,66,626,137,83,97,133,229,398,,,95,,,,,,,,,,,,,,,,280,,,,,349,,,,,158,164,,,,,,,,,,,,,,,,248,227,479,198,41,,,722,,524,,282,369,371,344,320,119,37,108,103,,,261,93,,,,,,,,,,,,,,,,,,,,,,,,,,,,,,,,,,,,,,,,,,,,,,,,,83,,307,17,88,,,,,,,,,349,,181,,,,,,,26,,,,,6,,,167,,,,,,,,,,,,133,,,,,,241,,7,,136,,,,76,,,,,90,,,,,,,,,,,,,,,,,283,2,7,185,83,344,,18,60,,,,,,,,,,,,,,,217,158,204,422,172,186,336,66,,119,305,26,,975,,,,333,,,,,,,,,,43,,,196,97,31,15,,,,449,,,,,,,,286,,,,,,,,,,,,,,,,,,,,,,,,121,,,39,58,,47,48,297,318,,,117,95,32,119,,,,56,101,219,,,27,116,27,,15,129,184,,138,7,,,209,,1078,258,254,121,161,144,,,,,,,,,,,,,,,,,,,,,,,565,184,107,462,66,144,9,90,266,,97,190,42,19,125,235,263,235,,291,,272,,,316,,,,,,,,,,,,,,,,,,,,,,,,,,,,,,,,,,,,426,53,277,289,,,,244,279,72,201,71,220,65,358,168,443,251,,,60,,,,441,120,,466,,,,,,320,
2026-04-16T07:20:01+00:00,127,138,,,493,36,,194,273,269,,209,232,,,,,,,1038,,394,96,,335,,99,,,107,804,11,,64,,,247,,,112,,,106,,,,,,,,,249,,,,21,19,,,,135,,93,60,88,230,93,31,,81,,,,38,,168,177,272,145,237,152,105,212,,182,,,,,,,,,,,,,,,,,,,,,,,,,,,,,,,,,,65,174,622,161,272,,56,,385,,,,,,,,,,,,,,,,,,,,,,,,,,,,,,,,,247,228,477,199,38,,,715,315,508,290,283,,,,,,,,,,,,,145,,164,124,158,28,,465,,,,170,,,,,332,350,,1137,884,56,,,,209,,,,,396,320,,103,264,,,,,,,,,,,261,,,85,,309,17,,,,,,,,,,341,,,,,,,,105,22,,,15,,3,,,,,,38,,,,,,,,30,128,,,,,,226,,5,69,,,,,66,,,,,88,,,,,,,,,,73,,,,,,101,279,3,3,183,86,338,,12,59,6,,,,,,,,,,,,,,,147,198,416,,185,335,,,117,295,29,,973,,,,,,,,,,,,,,,,,195,93,30,12,,,,,,,,129,,,,280,,,,,,,,,,,,1,,,,,,,,,,,,122,,0,40,54,82,,42,290,310,,29,,91,30,116,6,,0,,100,212,169,2,28,117,21,18,13,127,182,,,3,,,208,65,1069,252,253,117,159,140,,,,,,,,,,,,,,,,,,,,,,,552,181,110,455,65,143,,,,,,,,,,,,,,,,,,,,,,,,,,,,,,,,,,,,,,,,,,,,,,,,,,,,,,99,424,,270,287,,551,155,241,276,74,,,,67,359,,438,253,,,59,,,,440,,,462,,118,,,,316,
2026-04-16T07:25:02+00:00,119,137,,,483,34,,193,264,267,,210,230,,,,,,,1025,,392,87,394,,,,,,106,799,12,2,61,,,246,,,113,,,,,,,,,,136,,,,,,23,,,48,,134,,,58,,,90,30,16,,,,236,,,165,,,,,,,,,,,387,91,191,240,127,81,656,20,,217,191,273,442,18,,78,195,421,241,605,63,,135,84,93,120,219,396,25,,94,24,,,,,,,,,,,,,,,277,,,,,344,,,,,156,,,,,,,,,,,,,,,,,244,223,476,198,37,,,706,314,501,,278,,368,322,307,,36,105,101,76,203,249,84,140,,159,122,155,27,,463,,,,166,,,,,331,351,,1121,872,,,,,206,,,,,394,313,183,100,262,,,,,,,,,,,262,,,79,,308,17,87,,,,,,,,,336,,177,,,,,,,19,,,13,,1,,,,,,36,,,,,,,,29,126,,,,,,217,,4,67,,,,,59,,,,,86,,,,,,,,,,,,,,,,,270,0,2,178,81,328,,-1,60,,,,,,,,,,,,,,,215,137,196,407,168,184,330,65,,,292,32,,972,,,,,,,,,,,,,,,,,193,92,27,10,,,,450,,,,125,324,,,278,,,,,,,,,,,,,,,,,,,,,,,,,74,1,38,52,84,46,39,287,299,,,113,84,28,110,,,,55,98,209,,0,29,116,19,16,12,,177,32,136,2,,,195,64,1062,250,252,,,134,,,,,,,,,,,,,,,,,,,,,,,546,179,108,440,64,132,,91,264,,86,188,39,,,236,257,231,,286,,261,,134,312,44,,,,,,,,,,,,,,,,,,,,,,,,,,,,,,,,,,97,426,54,262,285,,,156,239,,,202,69,216,65,357,165,434,,,,60,,,,438,,,,,116,,,,313,
2026-04-16T07:30:01+00:00,,135,54,,473,32,,187,257,266,,194,228,,,,,,,1023,,393,84,392,332,,98,,,105,793,,0,58,167,,245,,,,,,,,,,,,,,,247,,,,24,18,,50,,,,96,54,,,92,,17,80,,,235,39,,,175,271,142,229,145,95,204,,180,,386,82,187,225,124,76,653,22,,214,,265,439,,,69,190,415,240,595,64,607,190,,92,119,213,372,,,,22,63,171,599,157,,508,55,,384,,,,,,263,,,,,334,,,,,152,162,,,,,,,,,,,,,,,,243,215,477,192,,,,698,,485,,270,,,,,,,,,,,,,,,,,,,,,,,,,,,,,,,,,,,,,,,,,,,,,,,,,,,,,,,,,,,,,71,,305,17,78,,,,,,,,,333,,176,,,,,,,13,,,,,0,,,166,,,32,,,,,,,,28,123,,,,,,213,,5,68,137,,,,54,,,,,85,,,,,56,,,,,,,,,,,98,260,3,,174,76,323,,-3,55,,,,,,,,,,,,,,,,133,190,400,166,182,323,66,,,289,27,,970,,,,334,,130,,,,,,,,42,,,191,87,28,,,,,449,,,22,119,,,,271,,,,,,,,,,,,,,,,,,,,,,,,119,,,39,46,,44,37,288,295,19,,110,79,26,106,,,,,96,,167,,26,109,17,,11,123,175,,135,4,,,192,63,1058,245,251,115,156,124,,,,,,,,,,,,,,,,,,,,,,,541,,109,435,,126,,89,,,85,187,40,20,126,234,256,229,,,,259,,,309,,,,,,,,,,,,,,,,,,,,,,,,,,,,,,,,,,,96,421,51,260,284,,548,150,232,274,73,,,,,355,162,424,250,,,61,,,,437,,,454,,127,,,,,
2026-04-16T07:35:01+00:00,111,133,,,467,30,,182,254,261,,190,,,,42,,,,1014,,390,77,386,328,,96,,,,787,,,,169,,241,,,107,115,,,,,,,,,,,246,,,,22,19,,43,,130,,,51,,229,91,29,16,78,,,233,,,,174,,,,,,,,,,384,77,186,212,119,70,648,20,,211,190,255,437,20,,61,185,405,,590,66,593,187,85,86,118,212,365,,,93,,,,,,,,,,,,,,,,,,,,,,,,,,,,,,,,,,,,,,,,,,,239,209,475,187,31,,,684,,475,287,261,367,362,309,306,117,34,,99,74,199,234,75,129,,153,119,144,,,462,,,255,160,,,,,317,350,,1094,848,49,,,,202,,,,,390,302,178,96,254,,,,,,,,,,,249,,,67,,303,16,75,,,,,,,,,,,,,,,,,,,,,,,,,,,,,,,,,,,,,27,126,,,,,,212,,,,136,,,,49,,,,,,,,,,,,,,,,,,,,,97,252,2,0,170,73,310,,-11,52,,,,,,,,,,,,,,,211,122,188,394,,181,315,,,115,287,,,967,,,,,,129,,,,,,,,,,,190,86,29,,,,,450,,,,116,322,,,267,,,,,,,,,,,,,,,,,,,,,,,,115,71,,37,40,83,,30,282,293,,,108,74,28,,,,,54,94,201,166,,,,12,,12,122,171,,134,3,,,,,,,,,,,,,,,,,,,,,,,,,,,,,,,,,,,,,,,,,,,,,,,,,,,,,,,,,,,,,,,,,,,,,,,,,,,,,,,,,,,,,,,,,,,,95,,50,255,281,,549,147,227,271,70,204,68,215,64,353,159,419,246,,,62,,,,438,119,,452,,124,,,,311,
2026-04-16T07:35:02+00:00,,,,,,,,,,,,,,,,,,,,,,,,,,,,,,,,,,,,,,,,,,,,,,,,,,,,,,,,,,,,,,,,,,,,,,,,,,,,,,,,,,,,,,,,,,,,,,,,,,,,,,,,,,,,,,,,,,,,,,,,,,,,,,,,,,,,,,,,,,,,,,,,,,,,,,,,,,,,,,,,,,,,,,,,,,,,,,,,,,,,,,,,,,,,,,,,,,,,,,,,,,,,,,,,,,,,,,,,,,,,,,,,,,,,,,,,,,,,,,,,,,,,,329,,175,,,,,,,10,,,10,,7,,,,,,30,,,,,,,,,,,,,,,,,,,,,,,,,,,,,,,,,,,,,,,,,,,,,,,,,,,,,,,,,,,,,,,,,,,,,,,,,,,,,,,,,,,,,,,,,,,,,,,,,,,,,,,,,,,,,,,,,,,,,,,,,,,,,,,,,,,,,,,,,,,,,,,,,,,,,,,,,,,,,,,,,,,,,,,,,,,,,189,64,1052,237,252,,,118,,,,,,,,,,,,,,,,,,,,,,,531,173,102,428,63,115,,,,,,,,,,,,,,,,,,,,,,,,,,,,,,,,,,,,,,,,,,,,,,,,,,,,,,,,,,,,,,,,,,,,,,,,,,,,,,,,,,,,,,,,,
2026-04-16T07:40:01+00:00,114,131,,,463,32,,178,250,255,,186,,,,41,,,,1005,,391,69,382,320,,95,,,102,781,,,57,,,237,,,,116,,107,,,,,,,,,247,34,,,25,17,,42,,127,,93,47,,228,87,,,80,,,231,,,162,,266,138,227,149,,199,,178,,,,,,,,,,,,,,,,,,,,,,,,,,,,,,,,,,62,,590,,,,54,,382,,,,,,258,,,,,322,,,,,150,157,,,,,,,,,,,,,,,,238,204,472,182,30,,,672,,462,284,253,,,,,,,,,,,,,,,,,,,,,,,,,,,,,,,,,,,,,,,,,,,,,,,,,,,,,,,,,,,,,63,,,16,67,,,,,,,,,325,,176,,,,,,,5,,,13,,5,,,165,,,,,,,,,,,,120,,,,,,203,,,69,,,,,46,,,,,,,,,,,,,,,,,,,,,95,245,,,169,63,306,,-15,51,,,,,,,,,,,,,,,210,121,187,383,163,179,312,,,104,285,26,,968,,,,,,130,,,,,,,,41,,,,85,,9,,,,449,,,,,321,,,266,,,,,,,,,,,,,,,,,,,,,,,,117,,,35,34,81,,25,279,284,17,,,70,27,105,5,,,53,92,185,162,1,25,108,9,,6,117,169,,,1,,,180,,1043,231,,116,158,109,,,,,,,,,,,,,,,,,,,,,,,524,171,99,423,,105,,,,,,,,,,,,,,,,,,,,,,,,,,,,,,,,,,,,,,,,,,,,,,,,,,,,,,94,417,48,248,280,,,145,225,268,71,205,66,213,63,349,157,418,245,,,60,,,,,,,447,,127,,,,310,
2026-04-16T07:45:01+00:00,108,129,,,454,29,,167,247,252,,184,224,,,39,,,,996,,388,65,377,306,,96,,,,774,11,,,170,,233,,,109,,,109,,,,,,,,,248,,,,29,16,,32,,,,92,,,227,85,27,15,79,,,232,,,161,172,,,,,,,,,,378,61,165,185,105,60,637,16,214,208,186,237,430,14,,34,171,382,,583,63,569,173,86,82,110,200,338,24,,88,16,,,,,,,,,,,,,,,,,,,,,,,,,,,,,,,,,,,,,,,,,,234,200,474,173,28,,,659,313,450,286,244,365,358,276,296,116,31,,98,,189,224,66,119,,141,114,134,,,446,,,254,149,,,,,284,345,,1048,811,46,,,,199,,,,,381,278,174,87,229,,,,,,,,,,,231,,,60,,299,16,63,,,,,,,,,319,,,,,,,,,4,,,12,,4,,,,,,29,,,,,,,,,116,,,,,,197,,4,63,137,,,,40,,,,,,,,,,,,,,,,,,,,,93,237,1,,167,61,304,,-10,53,,,,,,,,,,,,,,,209,113,185,385,164,176,308,65,,102,280,27,,963,,,,332,,131,,,,,,,,40,,,193,,28,5,,,,448,,,,114,,,,260,,,,,,,,,,,,,,,,,,,,,,,,115,70,,34,32,80,,29,270,277,,28,104,68,26,,,,,54,,178,160,0,,107,5,15,7,113,165,,,2,,,168,,1032,224,250,115,152,105,,,,,,,,,,,,,,,,,,,,,,,505,170,92,406,,96,3,77,,2,74,183,35,23,119,227,252,227,,275,48,251,,,295,43,,,,,,,,,,,,,,,,,,,,,,,,,,,,,,,,,,,413,46,243,279,,547,141,224,267,69,206,67,207,61,337,156,413,243,,,,,,,435,118,,440,,125,,,,311,
2026-04-16T07:50:01+00:00,105,130,,,451,27,,160,245,246,,176,217,,,38,,,,967,,386,61,,304,,95,,,101,767,10,2,55,,,228,,,111,,,108,,,,,,,,,,,,,31,17,,23,,124,,91,44,,229,84,26,,76,,,231,40,,159,171,268,131,222,147,92,198,,,,375,49,148,170,90,54,627,,,207,181,222,428,13,,18,154,361,242,578,59,559,163,82,76,100,189,322,,,,10,63,,581,,273,,,,379,,,,,,253,,,,,319,,,,,151,156,,,,,,,,,,,,,,,,228,192,472,170,25,,,656,311,449,283,232,,,,,,,,,,,,,,,,,,,,,,,,,,,,,,,,,,,,,,,,,,,,,,,,,,,,,,,,,,,,,,,287,16,,,,,,,,,,316,,177,,,,,,104,0,29,,,,0,,,163,,,28,,,,,,,,26,113,,,,,,187,,,61,138,,,,30,,,,,86,,,,,,,,,,,,,,,,,227,,,164,60,299,,-20,52,,,,,,,,,,,,,,,202,103,182,378,,175,305,64,,100,273,26,,959,,,,331,,,,,,,,,,,,,197,86,24,,,,,447,,,,113,322,,,259,,,,,,,,,,,,2,,,,,,,,,,,,118,69,,32,25,,43,30,266,270,16,,105,66,24,,,,,55,91,173,159,,23,106,2,14,3,109,164,,,1,,,167,62,1030,215,253,,156,95,,,,,,,,,,,,,,,,,,,,,,,498,,87,382,64,92,,,,,,,,,,,,,,,,,,,,,,,,,,,,,,,,,,,,,,,,,,,,,,,,,,,,,,92,412,45,238,278,,548,137,222,,67,204,68,206,56,332,151,410,240,,,,,,,433,,,430,,123,,,,307,
2026-04-16T07:55:02+00:00,106,129,,,449,19,,154,239,242,,177,213,,,37,,,,949,,,53,374,,,93,,,,761,11,0,54,,,225,,,110,,,106,,,,,,,,,245,35,,,29,18,,15,,123,,90,41,,227,83,25,,74,,,228,,,,169,264,118,208,139,89,197,,179,,,47,133,156,88,52,619,13,,206,160,214,425,,118,8,143,351,,570,57,551,156,81,74,84,180,313,23,,,7,66,153,572,143,271,498,,,378,,,,,,237,,,,,316,,,,,146,150,,,,,,,,,,,,,,,,,182,473,159,26,,,642,313,441,280,222,,354,255,286,112,28,96,,75,188,204,57,108,,133,113,126,22,,441,,,252,145,,,,,275,341,,994,776,44,,,,195,,,,,374,267,171,81,224,,,,,,,,,,,217,,,,,283,16,59,,,,,,,,,313,,173,,,,,,105,,,,,,1,,,164,,,26,,,,,,,,25,100,,,,,,179,,3,60,,,,,25,,,,,87,,,,,,,,,,,,,,,,91,216,,,162,58,298,,-15,50,,,,,,,,,,,,,,,193,100,177,364,,168,293,,,88,276,24,,958,,,,330,,130,,,,,,,,,,,192,88,26,4,,,,445,,,,106,320,,,256,,,,,,,,,,,,1,,,,,,,,,,,,,67,0,29,20,,44,17,256,255,15,29,96,60,21,102,,,,52,,161,157,,,99,,16,6,100,165,,,,,,154,63,1019,205,249,,,97,,,,,,,,,,,,,,,,,,,,,,,485,169,85,368,63,84,,,,,,,,,,,,,,,,,,,,,,,,,,,,,,,,,,,,,,,,,,,,,,,,,,,,,,91,410,44,235,276,,545,,,,68,,67,203,,330,147,407,237,,,,,,,431,,,409,,125,,,,297,
2026-04-16T08:00:01+00:00,101,126,,,441,,,143,228,238,,168,202,,,,,,,933,,383,,375,292,,,,,103,751,,,52,172,,223,,,,,,108,,,,,,,128,,243,,,,30,17,,13,,124,,91,37,,,,,,73,,,229,,,155,173,,,,,,,,,,,42,122,144,84,54,610,12,,205,158,188,,,,1,140,338,241,569,55,539,157,,,76,175,303,,,,4,,,,,,,,,,,,,,,,,,,,,,,,,,,,,,,,,,,,,,,,,,223,176,471,148,22,,,622,,421,279,211,,,,,,,,,,,,,,,,,,,,,,,,,,,,,,,,,,,,,,,,,,,,,,,,,,,,,,,,,,,,,53,,273,16,54,,,,,,,,,306,,174,,,,,,103,,28,,11,,0,,,,,,25,,,,,,,,19,85,,,,,,170,,4,59,137,,,,8,,,,,77,,,,,57,,,,,72,,,,,,,205,0,,160,51,295,,-17,47,,,,,,,,,,,,,,,192,89,172,358,,167,284,,,78,269,20,,957,,,,,,,,,,,,,,,,,189,86,25,6,,,,444,,,,104,,,,257,,,,,,,,,,,,2,,,,,,,,,,,,119,66,,25,16,81,,13,253,244,11,28,85,54,24,94,,,,51,90,146,149,,24,93,105,15,,97,166,31,,0,,,150,,1008,200,,113,153,91,,,,,,,,,,,,,,,,,,,,,,,470,170,73,359,62,73,0,74,256,,66,181,30,19,102,218,236,220,,259,47,233,,129,284,40,,,,,,,,,,,,,,,,,,,,,,,,,,,,,,,,,,,406,42,227,272,81,544,132,216,265,67,205,66,202,,326,143,404,236,,,59,,,,430,,,399,,121,,,,294,
2026-04-16T08:05:02+00:00,97,119,,,426,16,,133,223,243,,159,199,,,39,,,,907,,384,45,,283,,92,,,102,745,,,57,174,,219,,,109,,,,,11,,,,,125,,242,,,,,15,7,9,,123,,87,36,,,82,22,,72,,,220,41,,,177,256,111,206,137,87,194,,178,,,,,,,,,,,,,,,,,,,,,,,,,,,,,,,,,,65,142,541,136,,496,,,,,,,,,233,,,,,,,,,,143,152,,,,,,,,,,,,,,,,220,170,473,145,19,,,616,314,405,281,202,,,249,281,109,21,90,97,74,186,186,46,105,,135,110,122,18,,434,,,248,143,,,,,270,,,972,756,,,,,193,,,,,370,260,170,75,209,,,,,,,,,,,207,,,,,266,16,48,,,,,,,,,304,,170,,,,,,102,,27,,10,,,,,,,,24,,,,,,,,,81,,,,,,169,,2,58,135,,,,9,,,,,76,,,,,,,,,,71,,,,,,89,192,,,158,50,287,,-31,43,,,,,,,,,,,,,,,189,67,169,338,165,164,283,63,,71,265,23,,954,,,,,,129,,,,,,,,,,,,84,,4,,,,,,,,105,323,,,258,,,,,,,,,,,,,,,,,,,,,,,,117,64,,,14,82,41,16,250,237,,24,89,52,27,91,,,,54,89,129,147,1,25,95,103,,3,92,168,32,,1,,,137,61,996,186,248,110,157,79,,,,,,,,,,,,,,,,,,,,,,,456,167,65,354,,67,,,,,,,,,,,,,,,,,,,,,,,,,,,,,,,,,,,,,,,,,,,,,,,,,,,,,,89,402,44,222,269,78,543,123,213,264,68,,,200,,319,137,397,232,,,,,,,427,,,396,,119,,,,284,
2026-04-16T08:10:01+00:00,99,120,,,422,18,,120,219,,,150,194,,,,,,,902,,,38,,279,,93,,,101,736,12,,52,173,,213,,,110,,,,,,,,,,122,,241,,,,34,16,8,10,,,,84,35,,226,,21,,73,,,218,40,,154,179,252,93,187,129,83,184,,,,376,39,112,142,83,52,608,9,,204,156,174,421,10,,,132,328,,568,51,532,147,82,73,66,171,288,,,83,2,66,122,522,131,267,492,53,,,,,,,,222,,,,,315,,,,,138,151,,,,,,,,,,,,,,,,215,168,470,139,18,,,,312,399,278,193,,,,,,,,,,,,,,,,,,,,,,,,,,,,,,,,,,,,,,,,,,,,,,,,,,,,,,,,,,,,,,,262,17,44,,,,,,,,,305,,167,,,,,,,,,,11,,,,,,,,,,,,,,,,,71,,,,,,159,,,,133,,,,8,,,,,72,,,,,,,,,,72,,,,,,87,179,1,,152,,283,,-32,40,,,,,,,,,,,,,,,192,62,163,331,,163,,,,65,263,21,,,,,,329,,,,,,,,,,,,,185,81,24,5,,,,445,,,,106,322,,,254,,,,,,,,,,,,,,,,,,,,,,,,118,62,1,26,12,81,40,19,247,232,,23,88,54,,93,,,,,88,119,144,0,24,,,17,,89,169,,133,0,,,,,,,,,,,,,,,,,,,,,,,,,,,,,,,,,439,162,63,347,,64,,,,,,,,,,,,,,,,,,,,,,,,,,,,,,,,,,,,,,,,,,,,,,,,,,,,,,88,400,41,217,264,,540,119,215,262,,,65,199,57,309,134,396,230,,,,,,,423,,,385,,113,,,,278,
2026-04-16T08:15:01+00:00,98,121,53,,412,14,,108,207,241,,142,187,,,38,,,,884,,383,35,,275,,94,,,,731,11,,51,175,,207,,,,,,107,,,,,,,116,,238,,,,,17,7,7,,,,,33,87,,81,22,,,,,,,,153,178,,,,,,,,,,,37,96,139,71,51,598,,213,205,154,145,419,8,,,125,313,,562,52,501,140,81,74,56,167,280,22,,,,,,,,,,,,,,,,,,212,,,,,312,,,,,133,148,,,,,,,,,,,,,,,,210,,469,138,12,,,614,,398,,192,,352,238,267,,17,85,95,73,181,169,40,98,,123,108,108,16,,419,,,245,135,,,,,263,338,,906,728,43,,,,190,,,,,367,249,168,71,191,,,,,,,,,,,198,,,54,,255,17,45,,,,,,,,,303,,165,,,,,,,,,,9,,1,,,163,,,,,,,,,,,,66,,,,,,158,,4,59,,,,,9,,,,,70,,,,,56,,,,,,,,,,,85,172,2,,149,51,276,,-30,37,,,,,,,,,,,,,,,186,58,158,,,161,280,,,66,259,,,952,,,,330,,130,,,,,,,,,,,186,78,22,,,,,444,,,21,102,321,,,,,,,,,,,,,,,,,,,,,,,,,,,,,,23,14,80,,22,248,226,10,,87,53,28,,,,,,,112,139,,,92,98,16,1,88,170,,,,,,135,62,988,185,245,109,153,70,,,,,,,,,,,,,,,,,,,,,,,417,156,61,335,,62,,67,259,,60,174,29,16,99,210,226,214,,251,,213,,,275,41,,,,,,,,,,,,,,,,,,,,,,,,,,,,,,,,,,89,399,,216,259,76,537,111,207,260,67,204,63,,56,308,125,395,227,,,,,,,422,,,374,,111,,,,275,
2026-04-16T08:20:01+00:00,93,119,,,409,12,,102,203,,,137,185,,,39,,,,869,,,34,378,269,,90,,,102,728,9,,50,176,,204,,,,,,,,10,,,,,115,,,,,,,16,,5,,,,78,36,,225,,,16,,,,219,41,,150,176,,91,183,122,85,181,,,,,,,,,,,,,,,,,,,,,,,,,,,,,,,,,,,,,116,505,128,268,490,,,376,,,,,,,,,,,,,,,,,,,,,,,,,,,,,,,,,208,165,471,139,11,,,612,,391,277,190,,,,,,,,,,,,,,,,,,,,,,,,,,,,,,,,,,,,,,,,,,,,,,,,,,,,,,,,,,,,,49,,251,17,42,,,,,,,,,300,,160,,,,,,101,,26,,10,,2,,,,,,22,,,,,,,,17,47,,,,,,151,,5,58,132,,,,11,,,,,69,,,,,54,,,,,,,,,,,,166,4,17,,50,267,,-37,35,,,,,,,,,,,,,,,191,47,,312,164,158,275,,,63,257,22,,949,,,,329,,,,,,,,,,41,,,,79,25,6,,,,,,,20,104,320,,,256,,,,,,,,,,,,,,,,,,,,,,,,114,63,0,21,13,82,,,242,220,,,84,52,26,90,,,,55,,102,,,,,93,,2,87,168,31,132,,,,123,61,966,179,,107,150,58,,,,,,,,,,,,,,,,,,,,,,,406,154,54,326,63,56,,,,,,,,,,,,,,,,,,,,,,,,,,,,,,,,,,,,,,,,,,,,,,,,,,,,,,86,397,40,206,253,74,536,105,204,256,65,203,,201,52,309,124,391,228,,,57,,,,,,,369,,104,,,,268,
2026-04-16T08:25:01+00:00,94,116,52,,401,13,,95,195,238,,128,184,,,,,,,854,,,32,373,261,,91,,,99,723,,,52,178,,195,,,109,,,109,,,,,,,,,,,,,36,17,,0,,122,,79,,,226,,,15,72,,,213,40,,147,,248,76,166,116,82,177,,,,,34,94,135,70,,590,10,,,,132,,6,,1,119,309,242,561,49,,139,79,73,44,169,274,,,85,,67,,497,124,266,487,,,375,,,,,,,,,,,,,,,,,,,,,,,,,,,,,,,,,204,164,470,132,8,,,611,311,383,,188,367,354,235,265,,15,84,93,,177,167,35,,,,,,,,,,,,,,,,,,,,,,,,,,,,,,,,,,,,,,,,,,,,,,,,,42,,246,17,47,,,,,,,,,303,,159,,,,,,102,,,,9,,1,,,,,,,,,,,,,,15,44,,,,,,150,,4,57,,,,,8,,,,,68,,,,,53,,,,,,,,,,,84,162,2,15,140,52,261,,,34,,,,,,,,,,,,,,,194,37,155,307,,,270,,,59,253,21,,947,,,,,,129,,,,,,,,,,,,80,23,5,,,,443,,,19,100,317,,,255,,,,,,,,,,,,3,,,,,,,,,,,,117,62,,,12,83,39,15,243,218,,24,,53,,88,,,,54,87,100,133,,23,83,,,,82,,,,,,,,62,,,,,,,,,,,,,,,,,,,,,,,,,,,,,389,153,51,322,62,50,,,,,,,,,,,,,,,,,,,,,,,,,,,,,,,,,,,,,,,,,,,,,,,,,,,,,,85,392,41,202,249,78,534,104,197,257,,,64,199,51,306,123,389,227,,,55,,,,421,,,363,,105,,,,264,
2026-04-16T08:30:02+00:00,,,,,395,,,86,189,235,,121,185,,,38,,,,842,,384,33,372,260,,90,,,100,721,10,,53,,,191,,,,,,110,,,,,,,118,,240,,,,39,16,,,,121,,78,33,,,82,21,16,,,,,,,146,,251,68,160,114,80,176,,,,,25,78,123,65,46,577,,214,206,155,99,420,7,,,112,295,241,559,,486,,,71,40,163,278,,,84,,,108,488,119,,485,52,,374,,,,,,199,,,,,308,,,,,132,150,,,,,,,,,,,,,,,,206,,467,,10,,,608,,377,276,181,,,,,,,,,,,,,87,,118,101,106,13,,416,,,241,132,,,,,,335,,871,698,40,,,,191,,,,,360,227,163,67,178,,,,,,,,,,,176,,,39,,242,16,41,,,,,,,,,,,157,,,,,,,,27,,8,,,,,162,,,,,,,,,,,14,40,,,,,,145,,2,58,131,,,,,,,,,69,,,,,,,,,,,,,,,,,156,0,,138,53,252,,-40,33,,,,,,,,,,,,,,,193,41,,296,,154,264,64,,55,251,,,946,,,,326,,130,,,,,,,,42,,,,,21,,,,,442,,,20,96,315,,,253,,,,,,,,,,,,,,,,,,,,,,,,116,61,,,10,82,,14,237,215,,,78,52,25,89,,,,52,86,88,124,,,81,88,15,0,86,,,131,,,,119,,963,167,247,105,,52,,,,,,,,,,,,,,,,,,,,,,,381,149,45,317,59,43,,,255,,56,169,35,11,92,200,207,211,,245,44,207,,128,274,37,,,,,,,,,,,,,,,,,,,,,,,,,,,,,,,,,,82,387,42,197,240,77,535,96,193,255,,204,,195,49,298,120,383,224,,,,,,,420,,,357,,103,,,,257,
2026-04-16T08:35:02+00:00,91,113,,,393,10,,82,185,,,115,183,,,39,,,,819,,383,,373,255,,,,,98,723,,,52,175,,189,,,,115,,111,,,,,,,129,,241,,,,40,15,8,,,,,84,31,,,83,,19,,,,212,41,,143,,,,,,,,,,,,24,74,119,59,47,575,7,,204,154,83,419,,,,110,283,238,560,48,485,137,77,69,34,160,256,21,,86,,,,,,,,,,,,,,,,,,,,,,,,,,,,,,,,,,,,,,,,,,,205,163,,135,5,,,607,312,370,275,174,368,,240,,,13,83,90,72,176,170,31,82,,114,94,103,2,,403,,,259,128,,,,,251,330,,819,671,38,,,,188,,,,,351,211,160,55,174,,,,,,,,,,,150,,,44,,244,16,42,,,,,,,,,300,,156,,,,,,103,,29,,,,,,,,,,19,,,,,,,,,37,,,,,,141,,,56,,,,,,,,,,67,,,,,52,,,,,,,,,,,,149,2,11,139,,247,,-26,32,,,,,,,,,,,,,,,188,29,153,285,163,156,255,,,,249,,,944,,,,327,,,,,,,,,,43,,,,75,,6,,,,441,,,19,94,316,,,251,,,,,,,,,,,,,,,,,,,,,,,,115,58,,22,7,81,,6,235,209,,23,,49,,90,,,,53,,84,123,,,79,85,14,7,76,,,130,,,,116,61,945,152,,,146,53,,,,,,,,,,,,,,,,,,,,,,,365,150,39,315,60,44,,,,3,58,170,33,14,91,,205,209,,,47,204,,127,273,35,,,,,,,,,,,,,,,,,,,,,,,,,,,,,,,,,,81,381,38,195,238,76,532,90,184,252,,202,,194,46,295,119,380,225,,,54,,,,,,,350,,105,,,,249,
2026-04-16T08:40:02+00:00,,112,,123,388,5,,77,183,233,,114,174,,,,,,,821,,386,31,365,254,,,,,,715,11,,51,174,,187,,,,117,,,,9,,,,,132,,242,,,,41,14,,,,123,,83,28,,,82,19,,73,,,209,,,,175,245,52,155,112,78,178,,180,,,9,70,,51,45,569,8,,,153,67,416,5,,,104,265,,557,47,481,,75,,,161,259,,,85,1,,107,473,109,265,482,,,372,,,,,,191,,,,,309,,,,,129,148,,,,,,,,,,,,,,,,203,159,,128,8,,,603,,367,276,173,,,,,,,,,,,,,,,,,,,,,,,,,,,,,,,,,,,,,,,,,,,,,,,,,,,,,,,,,,,,,38,,240,16,44,,,,,,,,,,,157,,,,,,,,,,10,,2,,,,,,18,,,,,,,,,,,,,,,139,,3,60,,,,,,,,,,,,,,,,,,,,73,,,,,,,146,0,10,135,50,239,,,34,,,,,,,,,,,,,,,186,33,150,289,164,154,257,,,51,248,20,248,941,,,,,,,,,,,,,,42,,,,67,20,,,,,443,,,,90,313,,,248,,,,,,,,,,,,,,,,,,,,,,,,113,56,,21,6,,40,5,237,206,,,75,50,22,89,,,,52,87,83,121,,21,77,79,15,9,,,32,,,,,,60,,,,,,,,,,,,,,,,,,,,,,,,,,,,,350,146,36,311,59,41,,,,,,,,,,,,,,,,,,,,,,,,,,,,,,,,,,,,,,,,,,,,,,,,,,,,,,82,376,36,193,237,75,534,85,183,,62,,63,191,,292,112,371,219,,,,,,,418,116,,339,,108,,,,242,
2026-04-16T08:45:02+00:00,88,110,,,382,3,,66,175,231,,98,169,,,,,,,818,,385,26,369,250,,91,,,,710,,,,173,,186,,,,115,,,,8,,,,,,,240,,,,,,,,,,,81,25,88,,80,18,,,,,207,,,,176,,,,,,,,,,,,,,,,,,,,,,,,,,,,,,,,,,,,,,,,,,63,104,460,103,259,477,53,,377,,,,,,,,,,,,,,,,,,,,,,,,,,,,,,,,,199,161,,135,7,,,592,311,362,278,165,,350,239,272,,11,109,,101,197,196,40,,,113,92,101,0,,398,,,256,127,,,,,242,329,,808,650,36,,,425,187,,,,,349,202,,53,,,,,,,,,,,,144,,,34,,235,16,39,,,,,,,,,298,,156,,,,,,102,,28,,9,,3,,,,,,19,,,,,,,,12,,,,,,,135,,5,59,130,,,,,,,,,64,,,,,47,,,,,,,,,,,83,139,,13,126,,232,,-14,35,,,,,,,,,,,,,,,181,28,,262,,152,254,,,44,243,22,,937,,,,326,,,,,,,,,,41,,,184,62,24,,,,,442,,,17,85,312,,,247,,,,,,,,,,,,5,,,,,,,,,,,,109,,,20,8,,41,8,235,,,,77,49,,88,,,,54,,85,118,,,79,78,,8,73,,,,,,,117,61,936,140,,,147,54,,,,,,,,,,,,,,,,,,,,,,,346,145,29,307,60,38,,58,250,2,54,,36,15,88,199,187,201,,233,45,198,,,270,34,,,,,,,,,,,,,,,,,,,,,,,,,,,,,,,,,,,370,32,190,232,78,,84,180,250,61,,62,188,,287,108,,216,,,53,,,,415,115,,328,,103,,,,243,
2026-04-16T08:50:01+00:00,87,105,,,370,4,,53,164,229,,96,160,,,,,,,817,,381,23,,237,,90,,,97,708,10,,49,,,185,,,106,,,109,,11,,,,,133,,239,,,,38,15,,,,124,,79,,,,79,17,18,,,,,,,140,178,242,51,146,116,86,173,,177,,,3,55,117,40,41,567,,,,151,35,413,,117,,105,258,236,555,45,474,133,,,26,155,246,,,84,3,,,,,,,,,,,,,,,187,,,,,308,,,,,124,143,,,,,,,,,,,,,,,,197,159,,140,6,,,581,,366,277,159,,,,,,,,,,,,,,,,,,,,,,,,,,,,,,,,,,,,,,,,,,,,,,,,,,,,,,,,,,,,,36,,224,16,34,,,,,,,,,296,,154,,,,,,99,,,,10,,4,,,163,,,16,,,,,,,,11,38,,,,,,132,,,55,,,,,,,,,,62,,,,,,,,,,,,,,,,82,134,3,14,123,49,228,,,34,,,,,,,,,,,,,,,178,25,148,263,163,146,251,,,47,236,21,,934,,,,325,,,,,,,,,,42,,,182,64,25,4,,,,,,,,87,313,,,238,,,,,,,,,,,,4,,,,,,,,,,,,108,50,1,21,7,,42,12,234,,,,78,51,23,,,,,,,83,114,,,77,72,12,4,75,166,,,,,,,62,928,127,243,103,143,40,,,,,,,,,,,,,,,,,,,,,,,327,146,22,308,59,34,,57,249,3,56,,,,86,197,184,200,,232,46,195,,128,271,35,,,,,,,,,,,,,,,,,,,,,,,,,,,,,,,,,,,367,30,182,227,79,533,83,174,,59,203,64,186,43,275,109,376,,,,,,,,413,,,322,,97,,,,233,
2026-04-16T08:55:02+00:00,82,,,,373,6,,44,165,,,86,157,,,40,,,,813,,380,21,367,231,,89,,,98,707,9,,50,174,,181,,,102,116,,,,,,,,,134,,,33,,,,16,,,,,,76,27,87,,77,16,17,,,,206,,,139,184,244,48,140,105,82,167,,,,377,,48,109,36,43,566,7,213,205,,30,409,6,118,,,244,,552,,469,128,76,68,20,154,243,22,,83,,,,,,,,,,,,,,,,179,,,,,,,,,,,144,,,,,,,,,,,,,,,,194,161,466,143,5,,,575,310,363,275,156,367,347,259,264,,7,110,89,100,199,192,,75,,103,85,99,,,389,,,,125,,,,,228,,,783,632,34,,,,185,,,,,346,192,156,49,,,,,,,,,,,,124,,,38,,215,16,33,,,,,,,,,294,,151,,,,,,,,,,,,2,,,,,,17,,,,,,,,,40,,,,,,,,3,,129,,,,11,,,,,57,,,,,,,,,,,,,,,,,135,1,13,121,20,219,,-9,31,7,,,,,,,,,,,,,,177,20,141,251,160,141,248,,,46,234,24,,932,,,,324,,129,,,,,,,,,,,185,61,26,3,,,,,,,,86,310,,,240,,,,,,,,,,,,3,,,,,,,,,,,,105,46,,20,,,,9,230,194,,,74,47,22,87,,,,,,74,113,,,80,70,11,2,74,167,,129,,,,103,65,924,126,,98,144,28,,,,,,,,,,,,,,,,,,,,,,,317,143,28,309,58,22,,,,,,,,,,,,,,,,,,,,,,,,,,,,,,,,,,,,,,,,,,,,,,,,,,,,,,83,363,33,179,222,77,527,75,173,249,60,204,65,,41,273,105,371,214,,,,,,,,113,,316,,,,,,215,
2026-04-16T09:00:01+00:00,78,104,,,369,2,,,159,,,84,154,,,38,,,,805,,,22,369,,,,,,97,,10,,,172,,177,,,100,,,,,9,,,,,133,,238,34,,,40,,,,,123,,77,25,,,78,,,,,,207,,,,179,237,,128,107,79,166,,178,,,,,,,,,,,,,,,,,,,,,,,,,,,,,,,,,,58,94,434,100,252,475,52,,,,,,,,,,,,,,,,,,,,,,,,,,,,,,,,,,,192,,467,142,7,,,570,311,366,274,151,,,,,,,,,,,,,,,,,,,,,,,,,,,,,,,,,,,,,,,,,,,,,,,,,,,,,,,,,,,,,30,,206,16,30,,,,,,,,,297,,149,,,,,,98,,,,,,1,,,,,,16,,,,,,,,9,38,,,,,,123,,,56,128,,,,12,,,,,56,,,,,42,,,,,,,,,,,,139,,,124,24,214,,-20,27,,,,,,,,,,,,,,,171,,,238,163,,243,63,,,224,20,,928,,,,323,,,,,,,,,,40,,,179,63,,8,,,,440,,,16,85,306,,,,,,,,,,,,,,,4,,,,,,,,,,,,,44,,19,9,80,,16,224,191,,22,75,40,,,,,,55,,64,105,,,,138,,1,,164,33,130,,,,92,,927,114,,101,,27,,,,,,,,,,,,,,,,,,,,,,,300,141,21,302,60,24,,54,247,,55,168,35,16,87,193,187,194,,228,44,179,,,257,38,,,,,,,,,,,,,,,,,,,,,,,,,,,,,,,,,,,357,,173,220,78,524,72,170,250,,,64,184,38,269,101,368,215,,,,,,,412,,,314,,95,,,,207,
2026-04-16T09:05:01+00:00,75,103,,,365,1,,38,157,227,,81,,,,39,,,,797,,381,28,367,223,,,,,,703,,,51,171,,173,,,97,,,,,8,,,,,,,237,33,,,,15,,,,124,,75,24,86,227,79,15,,74,,,206,42,,140,180,,,,,,,,,,379,1,45,96,31,41,568,6,,,,8,407,3,117,,94,214,235,548,44,456,,,69,2,145,231,,,81,4,,,,,,,,,,,,,,,173,,,,,311,,,,,125,140,,,,,,,,,,,,,,,,186,,468,149,11,,,,,362,273,148,366,350,261,268,,,115,88,97,201,200,45,73,,93,91,94,1,,373,,,257,124,,,,,222,327,,759,605,39,,,,184,,,,,337,177,150,46,,,,,,,,,,,,110,,,27,,203,16,31,,,,,,,,,295,,,,,,,,99,,,,,,2,,,,,,13,,,,,,,,,37,,,,,,116,,,54,,,,,,,,,,,,,,,,,,,,,,,,,,,126,,,130,29,205,,,29,,,,,,,,,,,,,,,165,,143,230,164,139,246,64,,41,226,21,,929,,,,322,,130,,,,,,,,,,,182,65,25,7,,,,,,,,81,305,,,237,,,,,,,,,,,,3,,,,,,,,,,,,,43,0,,11,81,,,223,187,,,77,,,85,,,,,,65,96,,22,79,136,,3,71,,,132,,,,,66,,,,,,,,,,,,,,,,,,,,,,,,,,,,,297,138,15,297,62,17,,52,248,,,167,34,13,86,192,186,193,,,43,181,,,255,36,,,,,,,,,,,,,,,,,,,,,,,,,,,,,,,,,,82,,32,168,216,,522,66,168,,,203,63,,36,270,99,365,213,,,54,,,,411,,,310,,96,,,,201,
2026-04-16T09:10:01+00:00,74,104,,,357,,,33,162,,,78,158,,,38,,,,800,,,,362,219,,85,,,,701,,,50,,,171,,,95,115,,111,,9,,,,,134,,,,,,43,16,7,,,,,73,23,85,226,80,13,16,73,,,207,,,,175,236,47,118,,78,155,,176,,378,,43,90,28,40,,4,211,,,1,409,2,,,97,206,,,42,449,125,77,,8,142,240,23,,,1,57,93,428,98,256,,51,,375,,,,,,,,,,,,,,,,,,,,,,,,,,,,,,,,,184,160,470,155,10,,,567,312,350,270,140,,,,,,,,,,,,,,,,,,,,,,,,,,,,,,,,,,,,,,,,,,,,,,,,,,,,,,,,,,,,,22,,199,16,32,,,,,,,,,,,148,,,,,,98,,27,,11,,1,,,161,,,12,,,,,,,,,,,,,,,113,,,50,129,,,,18,,,,,,,,,,,,,,,72,,,,,,,,2,,,,202,,-23,,,,,,,,,,,,,,,,163,19,148,226,,138,244,,,39,228,20,,923,,,,,,129,,,,,,,,38,,,181,,,8,,,,439,,,,80,302,,,235,,,,,,,,,,,,,,,,,,,,,,,,104,42,,18,10,,,20,220,,,,83,,25,83,,,,56,,68,94,1,21,82,135,10,5,73,167,,134,,,,105,68,922,107,242,102,145,35,,,,,,,,,,,,,,,,,,,,,,,283,137,14,300,61,21,,,,,,,,,,,,,,,,,,,,,,,,,,,,,,,,,,,,,,,,,,,,,,,,,,,,,,,354,27,155,213,77,,65,164,247,58,,62,,37,267,,364,212,,,52,,,,410,,,300,,100,,,,185,
2026-04-16T09:15:01+00:00,73,107,,,365,2,,38,,,,84,,,,,,,,803,,379,31,363,217,,86,,,98,697,9,,,169,,167,,,,114,,113,,,,,,,132,,,,,,,17,,,,,,69,22,,,79,12,,,,,206,,,139,177,234,41,106,110,82,152,,,,,,,,,,,,,,,,,,,,,,,,,,,,,,,,,,,,59,92,424,92,257,473,52,,373,,,,,,153,,,,,314,,,,,117,130,,,,,,,,,,,,,,,,,,471,157,15,,,573,,343,,141,,353,263,265,,10,111,87,96,200,199,52,70,,86,89,93,0,,361,,,252,114,,,,,218,325,,718,579,38,,,,,,,,,329,157,148,48,,,,,,,,,,,,96,,,28,,194,16,29,,,,,,,,,296,,152,,,,,,,,,,8,,0,,,,,,,,,,,,,,8,35,,,,,,116,,5,,132,,,,27,,,,,54,,,,,41,,,,,71,,,,,,,,1,12,133,31,203,,-24,26,,,,,,,,,,,,,,,162,11,149,221,,134,243,65,,44,230,22,,922,,,,320,,127,,,,,,,,40,,,179,63,23,,,,,,,,17,77,300,,,238,,,,,,,,,,,,,,,,,,,,,,,,,41,,20,8,,43,16,221,185,,24,85,42,24,,,,1,,,70,95,0,22,85,134,11,,78,169,34,133,,,,,,,,,,,,,,,,,,,,,,,,,,,,,,,,,,279,132,17,303,62,19,,,,,,,,,,,,,,,,,,,,,,,,,,,,,,,,,,,,,,,,,,,,,,,,,,,,,,81,350,28,153,214,,518,60,160,245,55,204,63,182,38,264,,368,211,,,,,,,411,,,298,,98,,,,176,
2026-04-16T09:20:02+00:00,76,105,,,356,1,,37,160,225,,81,152,,,,,,,795,,376,35,360,,,,,,96,692,11,,,166,,164,,,94,113,,116,,,,,,,,,238,,,,44,16,8,,,125,,65,20,,227,78,13,,,,,,41,,136,175,,,,,,,,,,376,,37,79,23,41,555,3,212,,150,,410,3,,1,86,191,234,549,43,442,,78,67,4,140,245,,,,,,,,,,,,,,,,,,,,,,,,,,,,,,,,,,,,,,,,,,,,,,188,,475,159,16,,,571,313,344,269,,,,,,,,,,,,,,,,,,,,,,,,,,,,,,,,,,,,,,,,,,,,,,,,,,,,,,,,,,,,,,,,192,16,27,,,,,,,,,,,,,,,,,99,,28,,9,,,,,162,,,,,,,,,,,,41,,,,,,121,,3,52,,,,,20,,,,,57,,,,,42,,,,,69,,,,,,,121,0,11,131,32,200,,,23,,,,,,,,,,,,,,,157,14,152,237,163,133,239,,,36,219,21,,918,,,,319,,126,,,,,,,,39,,,181,,,,,,,,,,16,,296,,,,,,,,,,,,,,,,,,,,,,,,,,,100,42,1,24,6,82,42,14,213,181,,,84,,26,78,,,,,88,82,93,1,23,87,133,,7,77,171,,132,,,,96,69,917,105,240,,147,32,,,,,,,,,,,,,,,,,,,,,,,270,128,8,,,,,46,250,,51,161,31,8,76,175,175,195,,225,41,170,,130,243,37,,,,,,,,,,,,,,,,,,,,,,,,,,,,,,,,,,80,347,,,215,,,53,,247,,203,64,185,,260,100,,210,,,53,,,,410,,,,,,,,,167,
2026-04-16T09:25:01+00:00,74,107,51,,,,,33,162,223,,78,149,,,,,,,785,,378,38,358,215,,84,,,95,690,13,,,,,160,,,92,115,,,,,,,,,,,239,32,,,,,,,,124,,66,17,,226,,12,,,,,196,,,,178,230,36,100,106,,149,,177,,,,30,71,24,39,518,1,,203,,3,413,,,,83,182,233,,,,120,80,,1,139,248,,,83,,64,93,425,89,256,475,49,,372,,,,,,144,,,,,311,,,,,118,128,,,,,,,,,,,,,,,,189,159,474,157,,,,568,312,339,,135,365,352,262,260,,12,113,86,97,199,202,49,68,,93,80,,,,346,,,245,103,,,,,210,324,,687,547,35,,,,181,,,,,323,146,152,45,,,,,,,,,,,,94,,,26,,187,16,29,,,,,,,,,,,,,,,,,102,,27,,10,,,,,,,,11,,,,,,,,9,36,,,,,,125,,,55,,,,,,,,,,56,,,,,,,,,,,,,,,,80,114,2,12,129,30,196,,-19,24,,,,,,,,,,,,,,,155,,151,236,164,138,236,,,31,217,20,,919,,,,316,,,,,,,,,,40,,,180,61,22,7,,,,438,,,,80,294,,,237,,,,,,,,,,,,4,,,,,,,,,,,,107,43,,,9,,43,16,216,,,25,87,44,28,77,,,0,55,87,81,91,0,21,84,,,12,78,170,33,,1,,,100,68,922,113,239,101,149,35,,,,,,,,,,,,,,,,,,,,,,,259,127,5,286,63,16,,,,,,,,,,,,,,,,,,,,,,,,,,,,,,,,,,,,,,,,,,,,,,,,,,,,,,79,344,25,140,212,78,,48,159,249,56,202,65,182,,258,99,369,,,,52,,,,409,,,294,,,,,,172,
2026-04-16T09:30:02+00:00,66,105,,,350,,,36,160,222,,80,147,,,39,,,,790,,381,40,355,210,,,,,,686,15,,48,168,,,,,93,,,,,,,,,,,,240,,,,46,,,,,,,65,16,,227,,,,74,,,194,,,135,176,231,,92,112,80,143,,,,,,,,,,,,,,,,,,,,,,,,,,,,,,,,,,,,65,94,429,85,,479,50,,365,,,,,,,,,,,,,,,,,,,,,,,,,,,,,,,,,182,162,473,160,13,,,572,311,341,270,143,,,,,,,,,,,,,,,,,,,,,,,,,,,,,,,,,,,,,,,,,,,,,,,,,,,,,,,,,,,,,29,,,15,27,,,,,,,,,298,,150,,,,,,,,,,,,,,,161,,,9,,,,,,,,,,,,,,,121,,4,56,133,,,,26,,,,,55,,,,,,,,,,,,,,,,,112,0,10,127,34,193,,-21,,,,,,,,,,,,,,,,156,,149,243,165,140,235,66,,32,,18,,914,,,,318,,,,,,,,,,,,,,62,23,6,,,,439,,,15,,295,,,236,,,,,,,,,,,,2,,,,,,,,,,,,103,,,22,11,,,24,214,,,26,90,46,29,79,,,,,86,79,88,,20,,130,10,,79,168,,129,0,,,105,67,929,103,233,105,,37,,,,,,,,,,,,,,,,,,,,,,,251,130,1,272,,,,,,,,,,,,,,,,,,,,,,,,,,,,,,,,,,,,,,,,,,,,,,,,,,,,,,,,,345,22,137,206,75,,43,,248,,,64,184,37,254,97,362,211,,,,,,,,,,296,,95,,,,171,
2026-04-16T09:35:01+00:00,65,106,,,351,,,24,166,220,,85,145,,,,,,,785,,382,38,356,,,86,,,96,683,,,,,,157,,,,114,,,,,,,,,,,,,,,45,,,,,122,,64,15,,,,11,,75,,,,42,,136,182,,,,,,,,,,,3,27,60,23,37,113,,,,148,,411,,,,86,167,,551,39,438,121,82,,,132,254,,,89,,,,,,,,,,,,,,,,125,,,,,306,,,,,112,121,,,,,,,,,,,,,,,,176,165,,158,,,,569,,346,271,137,364,,268,259,,9,116,,98,201,195,50,,,,,,,,,,,,,,,,,,,,,,,,,,,,,,,,,,,,,,,,,,,,,,,,,27,,186,16,31,,,,,,,,,291,,151,,,,,,,,,,12,,3,,,,,,10,,,,,,,,,34,,,,,,126,,5,,,,,,30,,,,,53,,,,,41,,,,,,,,,,,81,110,2,11,131,35,192,,-19,,,,,,,,,,,,,,,,,,148,247,167,142,,,,29,216,21,,,,,,,,125,,,,,,,,,,,178,66,22,,,,,436,,,14,79,299,,,232,,,,,,,,,,,,1,,,,,,,,,,,,104,,,21,14,,44,29,211,,9,25,94,,26,80,,,,54,,65,93,,19,88,129,,11,80,170,34,131,,,,,66,,,,,,,,,,,,,,,,,,,,,,,,,,,,,236,131,0,267,61,19,2,45,252,2,48,162,28,5,79,158,167,196,,217,36,164,,129,228,36,,,,,,,,,,,,,,,,,,,,,,,,,,,,,,,,,,,341,23,,,,519,40,156,,57,200,63,,34,251,,363,210,,,,,,,407,,,288,,93,,,,165,
2026-04-16T09:40:01+00:00,60,,,,349,,,30,156,217,,81,140,,,38,,,,790,,,,360,,,84,,,95,676,16,,47,,,156,,,92,115,,118,,,,,,,,,,31,,,46,,,,,120,,62,,,,,12,15,,,,193,43,,,187,232,32,87,109,,139,,,,377,,30,66,19,35,112,2,214,,,,409,,118,,78,154,,550,38,440,,83,,,135,255,22,,87,,68,93,426,86,255,480,51,,366,,,,,,,,,,,,,,,,,,,,,,,,,,,,,,,,,174,,475,156,14,,,566,,354,270,138,,,,,,,,,,,,,65,,94,73,90,,,339,,,240,97,,,,,,327,,664,504,16,,,392,180,,,,,319,140,145,40,175,,,,,,,,,,,77,,,28,,179,16,25,,,,,,,,,288,,149,,,,,,,,,,,,,,,162,,,,,,,,,,,8,33,,,,,,131,,4,58,134,,,,21,,,,,54,,,,,39,,,,,68,,,,,,80,108,,,132,36,188,,-18,,,,,,,,,,,,,,,,159,,,260,,140,238,65,,22,,15,,915,,,,317,,,,,,,,,,,,,177,,23,7,,,,,,,,83,302,,,234,,,,,,,,,,,,2,,,,,,,,,,,,106,42,0,23,17,,,31,210,,10,,95,51,27,82,,,,56,,68,88,,20,89,128,11,9,83,171,33,135,,,,117,67,933,104,231,107,,39,,,,,,,,,,,,,,,,,,,,,,,234,132,1,260,,8,,,,,,,,,,,,,,,,,,,,,,,,,,,,,,,,,,,,,,,,,,,,,,,,,,,,,,76,340,25,135,204,74,517,34,155,250,56,201,,186,36,248,93,367,209,,,,,,,409,,,272,,89,,,,158,
2026-04-16T09:45:01+00:00,56,107,,124,341,2,,28,155,219,,84,132,,,,,,,785,,384,,,213,,82,,,94,677,,,45,165,,153,,,,,,,,8,,,,,133,,239,33,,,43,15,,,,119,,61,16,86,225,79,9,,,,,192,,,135,,235,34,84,,74,133,,,,378,,31,71,14,,104,4,,,149,,411,1,,,73,163,,,39,427,,,69,,132,245,,,89,,70,89,431,79,256,,50,,365,,,,,,124,,,,,305,,,,,117,116,,,,,,,,,,,,,,,,171,166,476,152,8,,,569,309,341,275,131,,346,278,262,,8,120,,,205,198,54,62,,90,74,,,,337,,,241,,,,,,211,325,,649,489,18,,,,,,,,,318,133,144,38,,,,,,,,,,,,,,,23,,177,16,22,,,,,,,,,290,,150,,,,,,,,,,,,,,,163,,,7,,,,,,,,,29,,,,,,134,,6,54,,,,,17,,,,,,,,,,41,,,,,,,,,,,83,,1,,,34,184,,,27,,,,,,,,,,,,,,,161,,,259,,143,236,66,,20,213,20,,,,,,315,,123,,,,,,,,,,,179,65,24,8,,,,435,,,,80,297,,,229,,,,,,,,,,,,1,,,,,,,,,,,,107,,,,18,83,,37,213,179,,26,94,45,28,83,,,,57,,67,83,2,23,94,130,10,6,,170,,,2,,,112,65,917,101,230,106,154,26,,,,,,,,,,,,,,,,,,,,,,,237,130,3,,63,14,,,,,,,,,,,,,,,,,,,,,,,,,,,,,,,,,,,,,,,,,,,,,,,,,,,,,,77,336,24,131,201,73,,23,158,251,,,64,182,35,,95,363,212,,,51,,,,407,,,,,84,,,,155,
2026-04-16T09:50:02+00:00,59,,,,336,,,27,150,216,,75,130,,,36,,,,772,,385,40,364,215,,,,,96,675,,,46,162,,152,,,93,111,,117,,,,,,,130,,,,,,37,,,,,,,59,15,,224,,5,,,,,189,41,,,184,237,40,86,,78,132,,,,,,,,,,,,,,,,,,,,,,,,,,,,,,,,,,,,,,,,,,,,,,,,,,122,,,,,306,,,,,121,117,,,,,,,,,,,,,,,,173,162,473,156,5,,,570,308,342,272,134,,,,,,,,,,,,,,,,,,,,,,,,,,,,,,,,,,,,,,,,,,,,,,,,,,,,,,,,,,,,,19,,175,16,21,,,,,,,,,289,,149,,,,,,,,28,,,,4,,,,,,4,,,,,,,,,26,,,,,,140,,8,56,,,,,23,,,,,52,,,,,42,,,,,,,,,,,86,,,,130,32,180,,-13,,6,,,,,,,,,,,,,,,13,147,267,168,137,233,,,13,,22,,914,,,,314,,,,,,,,,,,,,,64,23,6,,,,434,,,15,,296,,,232,,,,,,,,,,,,2,,,,,,,,,,,,106,40,1,20,22,,,40,215,177,,27,99,46,25,85,,,,58,,74,82,0,27,,131,9,7,85,162,,134,1,,,111,,913,97,229,,153,14,,,,,,,,,,,,,,,,,,,,,,,236,134,2,259,,15,,,,,,,,,,,,,,,,,,,,,,,,,,,,,,,,,,,,,,,,,,,,,,,,,,,,,,,334,25,130,198,74,516,,150,249,55,202,62,,38,244,89,360,,,,52,,,,408,,,268,,83,,,,152,
2026-04-16T09:55:02+00:00,60,,50,,331,,,24,146,213,,68,133,,,,,,,776,,381,42,361,219,,83,,,,672,14,,48,164,,150,,,91,110,,118,,,,,,,131,,237,,,,,,,,,,,64,14,84,222,,6,,73,,,187,,,134,,238,39,93,105,,135,,178,,,,17,68,8,31,78,,,204,,,415,,117,,64,149,,552,44,423,114,81,66,,126,253,,,91,,67,74,436,84,248,477,53,,364,,,,,,118,,,,,,,,,,118,118,,,,,,,,,,,,,,,,174,161,472,155,6,,,563,307,343,,140,363,347,285,264,108,6,123,,97,208,206,,63,,85,69,,,,330,,,238,91,,,,,203,324,,640,446,17,,,,,,,,,303,128,141,36,176,,,,,,,,,,,69,,,21,,,17,20,,,,,,,,,,,147,,,,,,,,,,,,6,,,162,,,3,,,,,,,,7,20,,,,,,,,6,55,,,,,,,,,,51,,,,,39,,,,,67,,,,,,90,107,,13,131,,,,-5,29,,,,,,,,,,,,,,,157,14,,269,,134,228,,,,216,24,,916,,,,312,,124,,,,,,,,38,,,178,65,22,,,,,,,,13,81,294,,,,,,,,,,,,,,,3,,,,,,,,,,,,,,0,24,24,,46,41,217,,,,98,48,24,,,,,,,68,,,28,99,130,12,6,83,163,32,135,,,,,,,,,,,,,,,,,,,,,,,,,,,,,,,,,,246,137,,260,64,11,5,42,248,4,43,159,26,1,74,154,153,198,,213,34,,,,215,34,,,,,,,,,,,,,,,,,,,,,,,,,,,,,,,,,,78,,24,118,194,73,512,27,149,250,,203,,181,35,243,92,365,,,,,,,,,,,264,,82,,,,146,
2026-04-16T10:00:02+00:00,61,106,,,328,,,28,153,208,,79,128,,,35,,,,780,,379,,356,221,,80,,,97,667,,,49,,,148,,,90,,,,,6,,,,,,,239,32,,,35,16,6,,,123,,60,,83,,78,7,16,,,,188,,,,187,,,,,,,,,,,,,,,,,,,,,,,,,,,,,,,,,,,,,,,,,,,,,,,,,,,,,,,,,,,,,,,,,,,,,,,,,,,,,,,,,,,175,160,470,151,5,,,560,306,,271,146,,,,,,,,,,,,,,,,,,,,,,,,,,,,,,,,,,,,,,,,,,,,,,,,,,,,,,,,,,,,,26,,180,17,13,,,,,,,,,287,,144,,,,,,,,29,,,,4,,,,,,4,,,,,,,,,26,,,,,,139,,9,60,133,,,,22,,,,,50,,,,,40,,,,,66,,,,,,96,109,3,16,136,29,,,1,,,,,,,,,,,,,,,,165,,,271,167,131,226,,,,,21,,,,,,311,,,,,,,,,,,,,177,63,20,5,,,,435,,,,80,290,,,,,,,,,,,,,,,,,,,,,,,,,,,108,41,1,22,,,48,47,220,178,11,26,101,,,83,,,,,87,71,83,2,27,,131,14,7,89,171,,,0,,,107,66,912,,227,102,158,17,,,,,,,,,,,,,,,,,,,,,,,248,,,274,63,9,,,,,,,,,,,,,,,,,,,,,,,,,,,,,,,,,,,,,,,,,,,,,,,,,,,,,,77,330,,109,191,,509,33,141,251,56,199,,179,34,240,,367,216,,,51,,,,406,,,257,,80,,,,145,
2026-04-16T10:05:01+00:00,57,104,51,,331,,,32,145,212,,78,127,,,,,,,783,,377,39,354,222,,,,,,668,,,48,165,,150,,,89,108,,117,,8,,,,,130,,241,,,,34,,7,,,124,,61,16,85,221,80,6,,,,,186,,,,186,234,40,90,103,74,138,,,,,,7,69,13,28,121,2,,,,,417,,116,,63,140,,553,41,408,115,79,,1,125,257,,,94,,64,68,434,86,246,,52,,362,,,,,,117,,,,,309,,,,,111,117,,,,,,,,,,,,,,,,174,164,473,155,7,,,,,345,269,148,362,346,,261,,7,116,85,,207,202,52,,,,66,88,,,329,,,239,,,,,,198,323,,638,442,16,,,,181,,,,,298,129,142,35,173,,,,,,,,,,,71,,,25,,185,17,19,,,,,,,,,286,,143,,,,,,,,31,,11,,,,,,,,7,,,,,,,,,25,,,,,,,,10,,,,,,24,,,,,51,,,,,38,,,,,65,,,,,,97,112,1,21,135,32,178,,8,,,,,,,,,,,,,,,,167,14,146,,165,133,,,,,219,20,,919,,,,310,,,,,,,,,,37,,,176,57,22,,,,,,,,,78,287,,,231,,,,,,,,,,,,1,,,,,,,,,,,,110,45,0,24,23,,49,49,227,189,,,104,46,25,82,,,1,57,88,74,79,3,30,105,135,,8,92,179,,,,,,,,,,,,,,,,,,,,,,,,,,,,,,,,,,,,246,132,0,278,64,7,,,245,5,34,155,,0,70,158,,202,,209,,160,,135,211,33,,,,,,,,,,,,,,,,,,,,,,,,,,,,,,,,,,76,324,21,104,189,72,512,34,139,252,,197,,182,35,235,89,366,,,,,,,,405,,,,,83,,,,143,
2026-04-16T10:10:02+00:00,62,101,,,330,,,36,149,209,,81,,,,,,,,,,,42,359,215,,,,,95,666,15,,,,,151,,,90,107,,116,,,,,,,,,240,,,,36,,,,,125,,59,,86,220,81,7,15,75,,,190,40,,,187,,,,,,,,,,,5,2,73,6,,100,4,213,,150,,418,,,,59,134,232,557,39,406,108,78,64,,130,265,,,95,,,,,,,,,,,,,,,,,,,,,,,,,,,,,,,,,,,,,,,,,,,,163,472,161,11,,,567,,349,268,147,,,,,,,,,,,,,,,,,,,,,,,,,,,,,,,,,,,,,,,,,,,,,,,,,,,,,,,,,,,,,26,,,17,21,,,,,,,,,,,,,,,,,,,30,,,,5,,,163,,,,,,,,,,,,28,,,,,,144,,9,62,,,,,,,,,,,,,,,,,,,,66,,,,,,98,116,,22,134,38,174,,14,24,,,,,,,,,,,,,,,175,23,156,275,167,136,230,65,,,226,,,,,,,,,125,,,,,,,,,,,174,,,6,,,,,,,,79,285,,,234,,,,,,,,,,,,3,,,,,,,,,,,,109,46,,25,20,84,,54,228,188,,25,102,49,26,87,4,,,58,,67,74,2,32,108,131,,7,90,189,,134,,,,101,,902,109,222,101,159,14,,,,,,,,,,,,,,,,,,,,,,,238,129,3,288,,13,8,45,246,9,,154,,,68,162,151,201,,,32,163,,138,210,34,,,,,,,,,,,,,,,,,,,,,,,,,,,,,,,,,,77,,,98,,69,511,35,138,251,55,198,64,179,33,232,87,372,217,,,50,,,,,,,256,,,,,,142,
2026-04-16T10:15:02+00:00,56,103,52,,335,,,35,151,212,,92,123,,,37,,,,788,,373,36,361,216,,76,,,94,669,,,50,,,150,,,89,,,,,,,,,,,,239,31,,,,15,,,,126,,61,18,,,,6,,76,,,189,,,132,184,237,38,91,106,75,140,,,,,6,,70,5,26,97,6,,,,,420,4,114,,61,135,233,558,41,405,,,,,132,283,,,,,65,76,443,88,242,479,,,361,,,,,,122,,,,,,,,,,112,112,,,,,,,,,,,,,,,,172,165,,160,13,,,560,,359,264,160,,352,293,271,109,8,,84,107,210,,,59,,,64,83,1,,,,,241,85,,,,,191,326,,611,419,,,,,180,,,,,288,121,145,26,,,,,,,,,,,,69,,,29,,,17,25,,,,,,,,,287,,142,,,,,,,,,,,,6,,,161,,,,,,,,,,,6,,,,,,,143,,,61,134,,,,27,,,,,53,,,,,,,,,,,,,,,,100,119,2,,136,39,172,,26,22,,,,,,,,,,,,,,,174,25,162,,170,139,238,,,,220,23,,921,,,,311,,126,,,,,,,,,,,173,,,,,,,436,,,,84,283,,,236,,,,,,,,,,,,,,,,,,,,,,,,113,,3,,24,81,50,55,231,192,10,,,53,27,89,,,,60,89,65,73,4,33,107,,17,6,91,192,,,,,,,,,,,,,,,,,,,,,,,,,,,,,,,,,,,,233,130,9,284,,18,,,,,,,,,,,,,,,,,,,,,,,,,,,,,,,,,,,,,,,,,,,,,,,,,,,,,,75,319,19,100,187,68,,34,140,252,58,,,,32,230,90,370,,,,,,,,403,112,,255,,81,,,,141,
2026-04-16T10:20:02+00:00,57,,53,,341,,,33,149,,,98,120,,,,,,,790,,375,35,366,210,,74,,,,664,16,,49,167,,148,,,,110,,117,,,,,,,129,,,,,,34,,,,,,,60,14,,,80,5,16,,,,,41,,,187,,,,,,,,,,,,,,,,,,,,,,,,,,,,,,,,,,,,,,,,,,,,,,,,,,,,,,,,,,,,,,,,,,,,,,,,,,,,,,,,,,,,162,471,159,,,,562,305,361,266,161,,,,,,,,,,,,,,,,,,,,,,,,,,,,,,,,,,,,,,,,,,,,,,,,,,,,,,,,,,,,,33,,,17,23,,,,,,,,,289,,143,,,,,,,,31,,10,,,,,,,,9,,,,,,,,,24,,,,,,150,,8,59,135,,,,30,,,,,,,,,,,,,,,,,,,,,99,122,1,23,132,37,,,22,24,,,,,,,,,,,,,,,,29,166,271,,,244,,,,227,22,,922,,,,,,125,,,,,,,,38,,,176,58,,5,,,,437,,,,85,282,,,235,,,,,,,,,,,,,,,,,,,,,,,,,47,6,,27,86,49,58,236,197,,,104,56,30,91,,,,59,,61,,3,32,109,130,,8,94,196,29,,,,,110,,906,,,103,163,9,,,,,,,,,,,,,,,,,,,,,,,235,128,10,301,66,15,,48,247,8,28,157,30,1,60,154,145,206,,210,31,173,,142,204,39,,,,,,,,,,,,,,,,,,,,,,,,,,,,,,,,,,74,317,17,103,183,,509,41,147,,,197,65,,33,227,89,371,218,,,,,,,401,111,,252,,78,,,,135,
2026-04-16T10:25:01+00:00,,105,,125,339,1,,29,148,210,,99,123,,,38,,,,794,,379,36,367,208,,71,,,95,665,,,48,166,,,,,90,112,,,,,,,,,,,,,,,32,14,,,,129,,54,13,,219,,3,15,77,,,,,,,189,236,41,115,110,76,142,,,,,7,1,73,,27,83,,214,205,153,,418,5,113,,57,,231,555,44,409,118,79,65,,131,308,,,100,1,64,79,441,,239,480,54,,364,,,,,,121,,,,,308,,,,,108,,,,,,,,,,,,,,,,,,166,,164,17,,,573,,364,267,160,364,,312,267,,14,118,,109,211,,53,61,,69,58,88,0,,317,,,239,82,,,,,180,,,602,408,14,,,,,,,,,287,,148,31,,,,,,,,,,,,68,,,36,,181,17,24,79,,,,,,,,286,,,,,,,,,,,,8,,7,,,162,,,11,,,,,,,,,,,,,,,156,,,,,,,,33,,,,,52,,,,,,,,,,,,,,,,,,0,26,135,32,179,,28,,5,,,,,,,,,,,,,,179,,169,274,169,137,240,66,,,232,21,,921,,,,309,,123,,,,,,,,39,,,179,55,21,,,,,436,,,,80,276,,,237,,,,,,,,,,,,,,,,,,,,,,,,,,7,,,88,50,63,,198,,,103,,31,92,,,,,,64,74,,30,110,129,16,10,,198,,,,,,112,,901,118,220,99,169,11,,,,,,,,,,,,,,,,,,,,,,,227,130,13,295,,33,9,51,249,,31,158,31,2,61,152,146,,,208,,171,,141,206,,,,,,,,,,,,,,,,,,,,,,,,,,,,,,,,,,,72,316,15,99,177,67,508,32,150,,57,,66,180,31,229,88,373,214,,,47,,,,394,,,255,,75,,,,134,
2026-04-16T10:30:02+00:00,56,,,,,3,,,153,213,,93,124,,,,,,,801,,381,33,366,206,,70,,,,661,,,42,,,145,,,89,111,,116,,9,,,,,127,,240,,,,31,,,,,130,,51,12,,218,,,14,76,,,193,,,,,,,,,,,,,,,,,,,,,,,,,,,,,,,,,,,,,,,,,,,,,,,,,,,,,,,,,,,,,,,,,,,,,,,,,,,,,,,,,,,,,,,173,,473,163,,,,572,,367,264,161,,,,,,,,,,,,,,,,,,,,,,,,,,,,,,,,,,,,,,,,,,,,,,,,,,,,,,,,,,,,,40,,182,17,27,77,,,,,,,,288,,,,,,,,,,,,,,9,,,161,,,9,,,,,,,,5,27,,,,,,154,,11,,134,,,,36,,,,,54,,,,,37,,,,,,,,,,,100,125,1,27,136,27,,,26,21,,,,,,,,,,,,,,,172,35,170,271,168,141,243,,,,234,23,,919,,,,308,,122,,,,,,,,,,,180,54,,,,,,,,,,82,275,,,235,,,,,,,,,,,,2,,,,,,,,,,,,110,48,9,27,30,83,51,68,,202,,27,,62,,94,,,,,90,74,77,0,25,107,131,19,12,98,191,28,,2,,,,,,,,,,,,,,,,,,,,,,,,,,,,,,,,,219,128,11,296,,36,,,,,,,,,,,,,,,,,,,,,,,,,,,,,,,,,,,,,,,,,,,,,,,,,,,,,,,315,12,95,172,68,503,36,146,,,196,65,183,30,241,87,377,211,,,,,,,,,,248,,76,,,,,
2026-04-16T10:35:01+00:00,,106,,,343,,,28,156,,,91,127,,,39,,,,813,,382,34,368,210,,71,,,,658,17,,43,167,,144,,,,,,115,,,,,,,,,242,,,,30,,6,,,131,,47,9,,220,79,5,,,,,191,40,,130,190,240,,119,107,78,138,,,,,,,,,25,81,,,,,,419,,,1,53,125,,556,47,404,114,81,64,,130,317,,,,,66,83,437,94,240,483,53,,,,,,,,125,,,,,,,,,,104,114,,,,,,,,,,,,,,,,172,169,474,159,20,,,573,306,370,267,164,362,349,324,274,107,9,,83,108,,207,56,59,,63,54,,,,316,,,237,80,,,,,181,,,583,392,16,,,,,,,,,280,117,146,32,175,,,,,,,,,,,76,,,,,183,17,28,74,,,,,,,,290,,147,,,,,,,,,,10,,8,,,159,,,13,,,,,,,,4,30,,,,,,159,,12,58,,,,,37,,,,,55,,,,,,,,,,,,,,,,101,121,,33,135,25,185,,29,22,,,,,,,,,,,,,,,173,45,171,269,170,144,239,,,17,,21,,916,,,,,,,,,,,,,,37,,,177,50,20,6,,,,,,,14,80,270,,,237,,,,,,,,,,,,1,,,,,,,,,,,,106,49,12,28,,82,,67,235,203,,28,105,61,32,98,,,,,,78,79,2,22,102,132,18,,100,189,25,136,1,,,121,,904,116,,98,,15,,,,,,,,,,,,,,,,,,,,,,,211,,5,297,63,37,,,,,,,,,,,,,,,,,,,,,,,,,,,,,,,,,,,,,,,,,,,,,,,,,,,,,,,306,8,,,66,501,,147,253,56,195,66,182,32,244,88,379,214,,,,,,,395,,,251,,77,,,,122,
2026-04-16T10:40:01+00:00,55,104,,,337,,,30,151,215,,92,125,,,41,,,,817,,381,,373,213,,,,,94,652,,,42,166,,143,,,,112,,114,,,,,,,129,,243,32,,,33,,,,,132,,44,7,,222,,4,,,,,,,,128,191,,,,,,,,,,377,5,,75,,27,83,5,,,160,,420,4,,,46,118,232,559,49,387,112,78,65,,132,321,23,,97,,,,,,,,,,,,,,,,,,,,,,,,,,,,,,,,,,,,,,,,,,,173,168,,158,27,,,575,,377,,168,,,,,,,,,,,,,,,,,,,,,,,,,,,,,,,,,,,,,,,,,,,,,,,,,,,,,,,,,,,,,,,181,17,,76,,,,,,,,297,,149,,,,,,100,,32,,14,,,,,,,,15,,,,,,,,,44,,,,,,161,,15,,,,,,38,,,,,54,,,,,36,,,,,67,,,,,,102,123,45,32,131,26,183,,28,25,,,,,,,,,,,,,,,177,52,,272,169,,238,65,,18,230,25,,911,,,,310,,,,,,,,,,35,,,175,51,23,5,,,,434,,,15,81,271,,,,,,,,,,,,,,,,,,,,,,,,,,,108,50,9,27,35,84,49,73,236,209,11,29,,59,,101,,,,62,91,74,80,,20,105,134,,11,102,186,22,,,,,128,,905,126,216,,168,13,,,,,,,,,,,,,,,,,,,,,,,209,124,10,287,,47,11,45,254,10,,157,,1,55,159,149,210,,210,30,173,,144,214,44,,,,,,,,,,,,,,,,,,,,,,,,,,,,,,,,,,66,304,6,102,168,,503,31,139,249,,194,67,,,251,,384,216,,,46,,,,394,,,253,,76,,,,117,
2026-04-16T10:45:01+00:00,54,106,,,327,,,34,146,,,95,126,,,42,,,,825,,380,37,374,216,,,,,,648,,,40,164,,147,,,90,111,,,,10,,,,,,,,,,,32,,,,,131,,,0,,221,,3,,,,,189,39,,130,,239,38,126,110,,139,,180,,375,,,78,,25,,6,,,161,,416,2,,,41,105,231,561,,386,105,77,67,,137,319,,,,5,,81,444,95,238,,,,366,,,,,,112,,,,,,,,,,103,112,,,,,,,,,,,,,,,,182,,,150,29,,,567,309,385,266,164,,341,335,288,106,7,123,86,113,212,217,70,56,,69,49,87,,,305,,,238,,,,,,184,329,,575,386,,,,,,,,,,274,108,145,29,174,,,,,,,,,,,77,,,39,,180,17,,77,,,,,,,,295,,146,,,,,,,,,,15,,,,,,,,13,,,,,,,,,40,,,,,,166,,16,55,,,,,35,,,,,53,,,,,39,,,,,,,,,,,,126,49,35,129,32,187,,22,,6,,,,,,,,,,,,,,176,58,169,274,168,,241,64,,19,232,21,,910,,,,305,,121,,,,,,,,36,,,177,56,25,,,,,433,,,16,83,269,,,234,,,,,,,,,,,,2,,,,,,,,,,,,104,,7,28,41,,,79,233,210,,30,106,60,,102,,,,63,93,78,,,21,,133,19,10,104,180,,134,2,,,131,,902,132,212,94,166,14,,,,,,,,,,,,,,,,,,,,,,,213,125,4,288,,51,,,,,,,,,,,,,,,,,,,,,,,,,,,,,,,,,,,,,,,,,,,,,,,,,,,,,,69,300,5,103,167,68,502,27,,,57,192,,177,34,,87,387,214,,,,,,,395,,,,,74,,,,112,
2026-04-16T10:50:01+00:00,57,105,,,328,,,33,144,216,,97,125,,,44,,,,821,,,38,373,219,,69,,,93,,,,39,,,148,,,89,,,113,,9,,,,,,,242,30,,,,13,,,,,,40,17,,220,,,15,,,,188,40,,,195,,,,,,,,,,,,,,,,,,,,,,,,,,,,,,,,,,,,,,,,,,,,,,,,,,,,,,,,,,,,,,,,,,,,,,,,,,,,,,,,,,,186,172,475,147,33,,,572,310,387,268,168,,,,,,,,,,,,,,,,,,,,,,,,,,,,,,,,,,,,,,,,,,,,,,,,,,,,,,,,,,,,,37,,178,16,25,76,,,,,,,,297,,148,,,,,,98,,,,,,9,,,161,,,,,,,,,,,,46,,,,,,,,,59,,,,,,,,,,52,,,,,,,,,,66,,,,,,,,,,,,,,,,,,,,,,,,,,,,,,179,62,175,278,167,145,243,,,,231,23,,908,,,,304,,,,,,,,,,35,,,179,58,23,,,,,435,,,17,87,266,,,,,,,,,,,,,,,,,,,,,,,,,,,,53,5,27,,85,,85,232,212,,,108,61,29,103,,,,,94,84,78,5,24,,129,,,,179,21,,,,,128,,908,134,208,95,167,16,,,,,,,,,,,,,,,,,,,,,,,212,129,5,281,65,46,,,,,,,,,,,,,,,,,,,,,,,,,,,,,,,,,,,,,,,,,,,,,,,,,,,,,,67,286,7,100,163,69,501,26,143,250,56,191,,180,36,257,92,391,212,,,45,,,,393,,,255,,76,,,,107,
2026-04-16T10:55:02+00:00,,104,55,,337,1,,38,,220,,,124,,,43,,,,828,,,37,375,,,68,,,95,,,,40,,,150,,,90,,,114,,8,,,,,128,,244,29,,,31,14,,,,,,41,15,,,77,1,,,,,191,,,,201,238,47,125,108,76,144,,181,,374,2,,77,,26,,,,207,,,,,,,43,103,,,50,383,107,74,66,,,323,,,98,4,,,,,,,,,,,,,,,111,,,,,309,,,,,105,113,,,,,,,,,,,,,,,,189,174,478,145,34,,,587,,385,267,171,363,336,330,286,107,4,121,87,114,,,78,54,,74,44,84,,,312,,,232,81,,,,,183,,,561,378,15,,,,,,,,,262,110,146,26,,,,,,,,,,,,81,,,35,,183,16,,72,,,,,,,,295,,150,,,,,,97,,,,14,,17,,,162,,,15,,,,,,,,,,,,,,,169,,,58,,,,,,,,,,,,,,,37,,,,,,,,,,,101,127,51,41,133,40,,,18,26,,,,,,,,,,,,,,,,68,176,284,165,148,,62,,22,237,22,,909,,,,,,,,,,,,,,,,,175,56,25,4,,,,434,,,,89,267,,,232,,,,,,,,,,,,,,,,,,,,,,,,,52,4,30,,83,,83,228,219,12,,,,34,105,,,,,,81,77,2,22,106,130,16,,108,175,,,0,,,124,,909,145,213,97,170,24,,,,,,,,,,,,,,,,,,,,,,,213,125,12,286,64,45,10,48,250,12,40,153,33,4,58,175,,211,,,29,172,,,208,,,,,,,,,,,,,,,,,,,,,,,,,,,,,,,,,,,64,281,4,98,,67,499,29,149,248,58,192,,178,,262,90,393,211,,,48,,,,392,,,254,,77,,,,106,
2026-04-16T11:00:02+00:00,64,105,,,334,4,,46,143,219,,95,126,,,,,,,823,,384,40,,217,,67,,,94,647,,,41,,,,,1,89,112,,115,,,,,,,131,,243,,,,30,13,7,,,130,,36,14,85,221,,0,,75,,,197,,,131,200,236,44,118,,77,134,,,,,,1,72,3,,77,5,,205,,,419,1,,,38,102,230,562,,378,102,,,,,329,,,,,,,,,,,,,,,,,,,114,,,,,308,,,,,102,114,,,,,,,,,,,,,,,,193,170,480,153,,,,589,,386,269,175,,328,389,280,,,127,,128,214,225,90,,,,,,,,,,,,,,,,,,,,,,,,,,,,,,,,,,,,,,,,,,,,,,,,,38,,187,16,31,69,,,,,,,,293,,151,,,,,,96,,,,,,19,,,,,,18,,,,,,,,2,45,,,,,,182,,13,59,133,,,,37,,,,,,,,,,41,,,,,,,,,,,,124,56,43,135,38,189,,22,28,,,,,,,,,,,,,,,181,67,179,285,167,149,248,63,,21,235,26,,908,,,,305,,117,,,,,,,,,,,173,55,24,5,,,,,,,18,86,268,,,,,,,,,,,,,,,,,,,,,,,,,,,106,55,3,32,,84,,,225,215,10,,109,,,107,,,,62,,,81,0,26,104,132,14,,107,178,,,,,,,,,,,,,,,,,,,,,,,,,,,,,,,,,,,,218,126,13,288,,44,,,,,,,,,,,,,,,,,,,,,,,,,,,,,,,,,,,,,,,,,,,,,,,,,,,,,,66,277,6,99,164,66,500,31,152,,,,68,180,34,263,93,391,210,,,46,,,,393,,,251,,83,,,,107,
2026-04-16T11:05:02+00:00,66,109,,,335,6,,,146,220,,98,121,,,,,,,831,,381,47,378,216,,66,,,,644,,,40,165,,149,,0,90,113,,,,,,,,,130,,,32,,,32,10,,,,,,35,15,86,,,,,,,,198,,,130,,234,53,112,109,78,129,,,,373,3,,74,,23,81,7,,207,160,,,,,,37,98,231,561,,375,97,75,75,,110,325,,,99,,,,,,,,,,,,,,,,,,,,,307,,,,,104,115,,,,,,,,,,,,,,,,192,173,482,151,36,,,596,311,,266,176,,,,,,,,,,,,,49,,77,45,,,,320,,,229,79,,,,,175,328,,559,375,,,,,,,,,,250,106,141,31,,,,,,,,,,,,82,,,40,,188,16,29,70,,,,,,,,295,,,,,,,,97,,31,,,,20,,,,,,,,,,,,,,,35,,,,,,187,,14,56,,,,,41,,,,,56,,,,,,,,,,65,,,,,,103,121,61,44,137,39,191,,25,30,,,,,,,,,,,,,,,184,70,,296,169,148,247,,,27,233,23,,910,,,,302,,119,,,,,,,,,,,175,57,25,,,,,,,,,85,267,,,235,,,,,,,,,,,,,,,,,,,,,,,,109,56,6,35,,85,48,88,221,222,11,,115,63,33,113,,,3,,,,84,1,27,109,133,16,11,105,175,,132,,,,130,67,915,152,,,169,31,,,,,,,,,,,,,,,,,,,,,,,215,131,17,303,,47,,,,,,,,,,,,,,,,,,,,,,,,,,,,,,,,,,,,,,,,,,,,,,,,,,,,,,65,274,7,100,158,,499,29,155,247,60,191,69,178,38,258,94,387,,,,45,,,,,,,246,,82,,,,105,
2026-04-16T11:10:02+00:00,69,105,,126,338,7,,47,157,222,,105,116,,,,,,,837,,382,51,385,226,,65,,,95,649,,,41,163,,153,,1,91,114,,113,,7,,,,,,,244,,,,33,11,,,,,,31,13,,,76,,,77,,,202,,,,201,,,,,,,,,,,,,,,,,,,,,,,,,,,,,,,,,,,,,,,,,,,,,,,,,,,,,,,,,,,,,,,,,,,,,,,,,,,,,,,,,,,195,172,,155,34,,,599,,391,,182,,,,,,,,,,,,,,,,,,,,,,,,,,,,,,,,,,,,,,,,,,,,,,,,,,,,,,,,,,,,,42,,186,16,24,71,,,,,,,,300,,,,,,,,,,,,17,,,,,,,,,,,,,,,,,40,,,,,,,,13,55,,,,,42,,,,,55,,,,,40,,,,,,,,,,,,128,59,47,141,38,193,,26,29,,,,,,,,,,,,,,,186,69,,299,172,,250,65,,31,232,21,,913,,,,301,,,,,,,,,,,,,178,60,24,6,,,,433,,,19,,265,,,232,,,,,,,,,,,,,,,,,,,,,,,,107,57,8,36,43,86,,91,223,232,13,31,117,64,32,115,,,,63,95,79,88,0,30,111,,14,21,104,,20,,1,,,126,,925,161,211,96,171,,,,,,,,,,,,,,,,,,,,,,,,,138,20,298,61,49,,,,,,,,,,,,,,,,,,,,,,,,,,,,,,,,,,,,,,,,,,,,,,,,,,,,,,66,269,,89,161,,,28,159,,100,190,70,30,39,256,96,392,211,,,44,,,,,,,242,,81,,,,106,
2026-04-16T11:15:02+00:00,,108,,,345,11,,50,159,223,,106,117,,,,,,,852,,380,57,380,228,,,,,93,647,,,39,161,,154,,,,113,,114,,6,,,,,,,243,33,,,31,,6,,,133,,33,14,,,,,,78,,,204,,,132,203,240,64,119,114,75,138,,,,,,,73,,,77,10,,208,159,,,2,,,35,95,232,,52,381,101,,74,,106,319,,,98,,,,,,,,,,,,,,,,111,,,,,310,,,,,110,118,,,,,,,,,,,,,,,,194,173,484,157,,,,607,,381,265,185,,326,395,284,,3,128,,131,215,229,94,45,,82,30,85,,,322,,,225,75,,,,,180,327,,582,379,17,,,,,,,,,256,98,133,27,,,,,,,,,,,,86,,,39,,182,16,,64,,,,,,,,,,152,,,,,,96,,,,,,21,,,163,,,,,,,,,,,,47,,,,,,190,,14,,132,,,,40,,,,,54,,,,,39,,,,,66,,,,,,102,132,61,53,142,45,188,,30,27,,,,,,,,,,,,,,,194,65,182,302,170,150,248,64,,27,234,23,,920,,,,303,,120,,,,,,,,36,,,179,,23,,,,,435,,,,86,267,,,231,,,,,,,,,,,,,,,,,,,,,,,,114,,,38,42,87,47,95,231,238,14,32,120,66,31,120,,,4,,96,82,89,1,34,108,,15,23,106,178,,,2,,,138,,923,163,210,100,,35,,,,,,,,,,,,,,,,,,,,,,,219,144,23,,,,,44,256,9,44,155,29,,56,170,157,216,,208,28,173,,145,203,43,,,,,,,,,,,,,,,,,,,,,,,,,,,,,,,,,,67,262,,94,164,,,24,160,250,,,71,31,38,257,95,391,209,,,42,,,,392,,,240,,,,,,111,
2026-04-16T11:20:01+00:00,72,107,,,348,8,,44,164,224,,116,124,,,42,,,,,,,67,376,225,,,,,91,,,,,158,,,,,,114,,112,,,,,,,,,,,,,33,15,,,,,,,11,,223,74,,,77,,,206,,,133,208,,,,,,,,,,,1,,75,7,25,79,13,213,,162,,417,,,,32,98,,559,50,375,104,74,79,,107,311,,,,,,,,,,,,,,,,,,,,,,,,,,,,,,,,,,,,,,,,,,,,,,192,172,,161,35,,,610,,379,,191,,,,,,,,,,,,,,,,,,,,,,,,,,,,,,,,,,,,,,,,,,,,,,,,,,,,,,,,,,,,,43,,181,16,,62,,,,,,,,302,,154,,,,,,97,,,,20,,22,,,,,,19,,,,,,,,1,46,,,,,,195,,11,54,131,,,,44,,,,,53,,,,,41,,,,,,,,,,,,,,,,,,,,,,,,,,,,,,,,,,,197,67,181,307,172,151,247,,,25,238,20,,,,,,302,,121,,,,,,,,,,,182,61,,,,,,436,,,,84,269,,,236,,,,,,,,,,,,,,,,,,,,,,,,117,56,7,37,,88,,100,232,244,,31,121,,28,124,3,,,,,80,95,2,35,,136,16,25,110,181,22,,3,,,,,,,,,,,,,,,,,,,,,,,,,,,,,,,,,216,147,26,296,,55,,,,,,,,,,,,,,,,,,,,,,,,,,,,,,,,,,,,,,,,,,,,,,,,,,,,,,68,263,,98,165,,498,29,,252,99,192,,29,,,96,386,,,,,,,,393,,,244,,84,,,,99,
2026-04-16T11:25:01+00:00,65,104,56,127,356,9,,47,162,227,,119,127,,,43,,,,847,,,71,374,219,,,,,89,644,,,36,157,,155,,,,,,,,,,,,,129,,242,32,,,32,,7,,,137,,36,9,,222,73,,16,,,,205,,,135,213,245,67,128,118,80,143,,,,,2,1,77,5,27,86,,214,206,159,2,421,4,,,34,95,233,563,52,372,102,76,88,,110,327,,,,,,,,,,,,,,,,,,,117,,,,,,,,,,108,120,,,,,,,,,,,,,,,,,177,486,163,38,,,615,315,380,267,185,364,329,414,285,110,26,136,,,213,222,92,42,,83,25,86,3,,324,,,,76,,,,,175,,,583,383,16,,,,,,,,,251,103,130,30,,,,,,,,,,,,91,,,44,,,16,23,60,,,,,,,,301,,152,,,,,,98,,,,,,21,,,,,,,,,,,,,,,47,,,,,,199,,10,56,,,,,46,,,,,54,,,,,,,,,,,,,,,,,130,73,58,143,46,193,,45,31,,,,,,,,,,,,,,,196,62,183,314,,157,245,63,,27,240,22,,921,,,,305,,120,,,,,,,,,,,180,,27,3,,,,434,,,,,271,,,238,,,,,,,,,,,,,,,,,,,,,,,,120,60,8,36,45,89,48,101,236,245,15,30,123,,27,126,2,,,62,97,86,93,0,37,,138,20,23,111,178,19,131,2,,,134,69,931,167,214,101,,31,,,,,,,,,,,,,,,,,,,,,,,234,,27,299,,52,9,42,259,,45,157,31,0,61,172,160,215,,,29,176,,147,208,47,,,,,,,,,,,,,,,,,,,,,,,,,,,,,,,,,,,260,6,95,159,,497,23,159,253,,193,,33,37,262,95,385,212,,,39,,,,396,,,248,,83,,,,98,
2026-04-16T11:30:01+00:00,63,105,,128,361,12,,45,161,231,,123,131,,,,,,,859,,382,70,378,214,,,,,88,643,,,35,,,,,,93,,,110,,7,,,,,,,,,,,,16,,,,139,,39,7,,224,,,18,,,,208,39,,133,216,243,63,133,123,85,145,,,,372,5,,76,8,26,102,14,,207,161,,420,5,,1,35,84,234,559,,371,100,75,87,,,334,,,,2,,,,,,,,,,,,,,,,,,,,,,,,,,,,,,,,,,,,,,,,,,193,176,,166,39,,,616,,385,264,187,,,,,,,,,,,,,,,,,,,,,,,,,,,,,,,,,,,,,,,,,,,,,,,,,,,,,,,,,,,,,42,,182,16,25,56,,,,,,,,300,,151,,,,,,99,,32,,,,28,,,164,,,,,,,,,,,,49,,,,,,203,,9,,132,,,,43,,,,,55,,,,,43,,,,,67,,,,,,,124,76,,,47,194,,41,32,,,,,,,,,,,,,,,205,,178,319,174,158,246,,,42,242,20,,925,,,,304,,121,,,,,,,,35,,,181,62,26,5,,,,435,,,,83,274,,,237,,,,,,,,,,,,,,,,,,,,,,,,122,61,,38,47,90,,100,238,241,13,,127,68,,127,,,,64,,85,,,,102,137,22,25,114,176,,133,4,,,132,68,936,164,,99,172,,,,,,,,,,,,,,,,,,,,,,,,246,153,31,311,63,53,,44,257,,,154,32,,63,169,162,214,,,,173,,,207,,,,,,,,,,,,,,,,,,,,,,,,,,,,,,,,,,,,263,1,91,161,64,,26,158,252,98,,75,36,36,,,386,213,,,,,,,,,,253,,82,,,,95,
2026-04-16T11:35:02+00:00,65,,,,362,14,,41,,230,,120,133,,,,,,,,,384,76,376,217,,67,,,89,647,16,,34,156,,156,,,94,113,,,,,,,,,130,,240,,,,31,17,,,,142,,41,8,,,72,,,78,,,207,38,,,213,,,,,,,,,,,,,,,,,,,,,,,,,,,,,,,,,,,,,,,,,,,,,,,,,,,,,,,,115,,,,,313,,,,,110,122,,,,,,,,,,,,,,,,191,,487,,,,,617,,386,259,184,365,330,429,286,,,139,91,,211,225,85,44,,80,23,89,1,,331,,,224,75,,,,,181,329,,612,388,18,,,,,,,,,,105,125,37,177,,,,,,,,,,,87,,,43,,187,16,20,52,,,,,,,,,,153,,,,,,,,31,,19,,30,,,166,,,,,,,,,,,,47,,,,,,208,,10,57,,,,,34,,,,,,,,,,42,,,,,,,,,,,103,,75,56,142,49,196,,51,37,,,,,,,,,,,,,,,199,69,,325,,154,247,64,,48,241,26,,926,,,,,,120,,,,,,,,,,,187,61,25,6,,,,,,,,84,,,,235,,,,,,,,,,,,,,,,,,,,,,,,120,63,6,40,48,91,47,,237,245,11,29,124,73,30,129,,,,,95,88,91,3,43,105,139,25,23,115,,20,,5,,,133,65,,156,218,100,173,32,,,,,,,,,,,,,,,,,,,,,,,253,158,32,312,,,,,,,,,,,,,,,,,,,,,,,,,,,,,,,,,,,,,,,,,,,,,,,,,,,,,,,,67,255,,88,159,,498,30,156,,97,194,76,37,34,263,96,382,210,,,,,,,397,,,255,,84,,,,96,
2026-04-16T11:40:02+00:00,75,107,,,353,,,44,,,,119,,,,,,,,872,157,382,79,,218,,68,,,90,650,,,36,,,157,,,,112,,112,,,,,,,,,241,33,,,30,19,,,,140,,42,9,,223,71,,,80,,,208,,,130,211,248,69,129,130,86,146,,182,,373,6,1,75,11,25,123,26,213,208,,4,422,8,,,32,78,,558,53,363,103,78,90,,115,332,22,,100,,,,,,,,,,,,,,,,,,,,,,,,,,111,125,,,,,,,,,,,,,,,,189,171,,165,38,,,621,,385,261,182,,,,,,,,,,,,,,,,,,,,,,,,,,,,,,,,,,,,,,,,,,,,,,,,,,,,,,,,,,,,,42,,189,16,24,50,,,,,,,,303,,,,,,,,100,,,,21,,39,,,167,,,17,,,,,,,,,48,,,,,,215,,,55,133,,,,31,,,,,,,,,,45,,,,,,,,,,,,,81,57,143,47,,,50,35,,,,,,,,,,,,,,,206,,183,332,,157,,63,,54,235,32,,930,,,,,,121,,,,,,,,,,,188,59,26,,,,,434,,,,85,269,,,236,,,,,,,,,,,,,,,,,,,,,,,,118,,7,39,47,92,48,,235,244,12,,126,74,29,131,,,,,,89,90,0,45,108,143,28,22,,180,,,,,,144,,930,152,219,103,170,33,,,,,,,,,,,,,,,,,,,,,,,258,157,39,316,,55,10,,255,6,50,156,31,,67,167,164,211,,214,,177,,,,46,,,,,,,,,,,,,,,,,,,,,,,,,,,,,,,,,,,252,-100,87,157,66,,36,154,249,98,196,77,,35,268,94,383,209,,,41,,,,394,,,257,,,,,,100,
2026-04-16T11:45:01+00:00,74,109,,,346,15,,49,,231,,117,134,,,,,,,865,152,385,80,385,216,,69,,,89,652,,,34,157,,156,,,95,113,,115,,,,,,,,,240,,,,33,,,,,138,,44,7,87,224,70,,17,79,,,,37,,131,209,,,,,,,,,,375,3,,77,13,26,127,33,214,,160,3,,7,,,37,,235,,56,,100,,,,114,341,,,99,3,,,,,,,,,,,,,,,,,,,,,,,,,,,,,,,,,,,,,,,,,,187,169,489,168,34,,,625,,397,,,364,331,443,289,109,29,136,,,212,224,80,40,,83,12,88,0,,341,,,225,73,,,,,188,328,,624,411,19,,,,,,,,,248,99,128,39,178,,,,,,,,,,,77,,,43,,190,16,29,48,,,,,,,,305,,148,,,,,,99,,,,22,,43,,,,,,16,,,,,,,,,47,,,,,,220,,,56,,,,,28,,,,,,,,,,44,,,,,,,,,,,104,131,82,59,148,45,198,,49,,,,,,,,,,,,,,,,209,71,,334,173,159,248,,,58,232,37,,929,,,,303,,124,,,,,,,,,,,,61,,3,,,,435,,,,83,270,,,237,,,,,,,,,,,,1,,,,,,,,,,,,119,62,9,38,51,93,47,,230,250,11,33,124,75,30,129,,,3,,,90,88,1,53,106,144,36,21,,187,,,4,,,,64,,,,,,,,,,,,,,,,,,,,,,,,,,,,,262,158,40,314,,,,45,,4,52,157,,,66,164,157,212,,216,,179,,,206,,,,,,,,,,,,,,,,,,,,,,,,,,,,,,,,,,,,247,1,85,152,65,502,34,151,251,100,197,76,40,34,273,93,,210,,,,,,,,,,263,,87,,,,101,
2026-04-16T11:50:01+00:00,75,110,,,350,,,51,164,233,,122,,,,,,,,873,157,386,78,382,218,,68,,,91,656,,1,29,158,,158,,,93,,,,,,,,,,131,,,,,,32,,,,,137,,42,5,,,67,,,80,,,209,,,,,244,70,132,139,89,144,,,,,,,,,,,,,,,,,,,,,,,,,,,,,,,,,,,,,,,,,,,,,,,,,,114,,,,,,,,,,109,,,,,,,,,,,,,,,,,185,161,,173,,,,,316,401,260,185,,,,,,,,,,,,,,,,,,,,,,,,,,,,,,,,,,,,,,,,,,,,,,,,,,,,,,,,,,,,,39,,187,17,30,44,,,,,,,,302,,145,,,,,,98,,,,21,,46,,,,,,14,,,,,,,,,48,,,,,,222,,9,57,132,,,,25,,,,,57,,,,,43,,,,,,,,,,,,135,78,,144,39,202,,53,,,,,,,,,,,,,,,,,,181,338,178,157,254,66,,63,230,32,,933,,,,305,,125,,,,,,,,36,,,190,62,,4,,,,434,,,,,272,,,236,,,,,,,,,,,,,,,,,,,,,,,,121,63,10,41,50,94,48,94,233,248,,,126,,26,132,,,5,,,91,93,0,58,98,,38,23,117,199,19,132,3,,,129,63,929,145,216,105,168,25,,,,,,,,,,,,,,,,,,,,,,,267,157,36,305,,58,,,,,,,,,,,,,,,,,,,,,,,,,,,,,,,,,,,,,,,,,,,,,,,,,,,,,,,250,-100,84,154,,500,32,153,253,99,,,32,33,270,92,382,,,,,,,,396,,,256,,,,,,104,
2026-04-16T11:55:01+00:00,67,112,,,348,10,,55,168,230,,118,137,,,,,,,880,161,385,75,384,224,,,,,,,15,4,27,157,,,,,,114,,117,,,,,,,,,241,,,,35,,,,,,,38,6,,223,,,18,79,,,216,38,,135,211,,,,,,,,,,,2,,85,9,29,139,40,,209,,5,429,5,111,2,55,76,,560,57,364,106,75,95,,108,340,23,,,1,,,,,,,,,,,,,,,116,,,,,315,,,,,119,129,,,,,,,,,,,,,,,,,154,,176,28,,,624,315,400,259,180,365,333,436,287,107,28,137,,132,215,221,79,41,,85,9,82,,,343,,,228,74,,,,,186,,,625,417,18,,,,181,,,,,250,101,129,37,176,,,,,,,,,,,,,,36,,186,17,,45,,,,,,,,299,,144,,,,,,,,,,24,,,,,,,,13,,,,,,,,0,46,,,,,,221,,7,56,,,,,26,,,,,56,,,,,,,,,,,,,,,,,138,82,60,147,,198,,69,32,7,,,,,,,,,,,,,,205,75,177,345,177,160,251,,,62,229,29,,935,,,,303,,126,,,,,,,,,,,188,61,24,,,,,435,,,,85,271,,,237,,,,,,,,,,,,,,,,,,,,,,,,,65,11,39,,,50,91,,,10,,129,77,27,,,,,65,,92,92,,62,93,,42,24,,204,18,,2,,,120,62,,140,221,,169,22,,,,,,,,,,,,,,,,,,,,,,,255,158,37,,,55,,,,,,,,,,,,,,,,,,,,,,,,,,,,,,,,,,,,,,,,,,,,,,,,,,,,,,68,259,,75,151,64,502,37,149,,,,,33,,285,95,383,,,,,,,,394,,,250,,89,,,,107,
2026-04-16T12:00:01+00:00,66,110,,,352,7,,,163,229,,114,132,,,44,,,,877,162,,79,383,226,,66,,,,650,,2,26,159,,,,,,115,,115,,,,,,,,,242,,,,34,,,,,,,39,,86,225,,,,77,,,217,36,,137,212,243,72,131,136,95,138,,183,,,,,,,,,,,,,,,,,,,,,,,,,,,,,,,,,,,,,,,,,,,,,,,,,,,,,,,,,,,,,,,,,,,,,,,,,,,,,,,,,,,,,,,,,,,,,,,,,,,,,,,,,,,,,,,,,,,,,,,,,,,,,,,,,,,,,,,,,,,,,,,,,,,,,,,,,,,,,,,,,,,,,,,,,,,,,,,,,,,,,,,,,,,,,,,,,,,,,,,,,,,,,,,,,,,,,,,,,,,,,,,,,,,,,,,,,,,,,,,,,,,,,,,,201,68,171,347,,158,255,,,63,228,,,940,,,,,,,,,,,,,,,,,,,,,,,,,,,,,,,,,,,,,,,,,,,,,,,,,,,,,,,,,,,,,,,,,,,,,,,,,,,,,,,,,,,,,,,,,,,,,,,,,,,,,,,,,,,,,,,,,,,,,,,,,,,,,,,,,,,,,,,,,,,,,,,,,,,,,,,,,,,,,,,,,,,,,,,,,,,,,,,,,,,,,69,261,,,,,505,41,151,250,96,,77,34,34,294,,386,209,,,42,,,,395,,,252,,94,,,,105,
2026-04-16T12:00:02+00:00,,,,,,,,,,,,,,,,,,,,,,,,,,,,,,,,,,,,,,,,,,,,,,,,,,,,,,,,,,,,,,,,,,,,,,,,,,,,,,,,,,,,,,,,,,,,,,,,,,,,,,,,,,,,,,,,,,,,,,,,,,,,,,,,,,,,,,,,,,,,,,,,,,,,,,,,,,,,,,,,183,153,488,174,23,,,623,312,389,263,173,,,,,,,,,,,,,,,,,,,,,,,,,,,,,,,,,,,,,,,,,,,,,,,,,,,,,,,,,,,,,30,,189,16,29,44,,,,,,,,301,,143,,,,,,96,,,,,,,,,,,,11,,,,,,,,,,,,,,,214,,8,55,,,,,27,,,,,,,,,,44,,,,,,,,,,,,144,87,61,,,200,,76,,,,,,,,,,,,,,,,,,,,,,,,,,,,,,,,,,,,,,,,,,,38,,,189,57,28,,,,,,,,,86,272,,,241,,,,,,,,,,,,2,,,,,,,,,,,,124,63,8,,48,96,,86,235,255,13,,127,73,24,129,,,,67,,94,88,,,91,145,44,27,116,223,19,,3,,,,,,,,,,,,,,,,,,,,,,,,,,,,,,,,,256,,,315,,53,,42,259,,48,158,,5,58,162,163,211,,219,28,177,,,201,,,,,,,,,,,,,,,,,,,,,,,,,,,,,,,,,,,,,,,,,,,,,,,,,,,,,,,,,,,,,,,,,,,,,,
2026-04-16T12:05:02+00:00,,112,57,,348,5,,54,160,230,,116,136,,,45,,,,872,160,,77,386,224,,68,,,93,651,,1,29,157,,156,,,90,,,,,8,,,,,,,241,,,,,20,,,,138,,38,9,85,226,66,,17,78,,,,,,136,211,248,78,136,135,94,139,,,,,1,1,92,14,,144,43,,210,161,9,427,,114,,60,80,236,559,53,370,102,73,99,,106,329,,,98,,,,,,,,,,,,,,,,104,,,,,316,,,,,,132,,,,,,,,,,,,,,,,184,151,,,11,,,630,311,385,262,168,363,334,464,292,,27,132,,,,230,78,38,,84,4,,1,,335,,,,72,,,,,193,330,,663,424,15,,,,,,,,,251,108,135,38,177,,,,,,,,,,,83,,,35,,191,16,,45,,,,,,,,,,,,,,,,98,,,,,,,,,,,,9,,,,,,,,,42,,,,,,208,,10,52,133,,,,24,,,,,59,,,,,,,,,,,,,,,,103,146,92,62,146,42,213,,79,26,,,,,,,,,,,,,,,205,62,168,350,,155,259,67,,65,227,26,,956,,,,,,127,,,,,,,,34,,,186,55,33,,,,,436,,,18,84,273,,,244,,,,,,,,,,,,3,,,,,,,,,,,,,,11,41,45,,,90,232,260,12,,,72,21,128,,,,66,96,96,,,63,90,,,29,115,242,,133,2,,,124,,937,131,223,108,164,32,,,,,,,,,,,,,,,,,,,,,,,252,161,33,314,,,,,,,,,,,,,,,,,,,,,,,,,,,,,,,,,,,,,,,,,,,,,,,,,,,,,,,,70,258,5,82,156,67,506,49,153,252,95,,79,33,36,295,94,383,208,,,,,,,,,,247,,93,,,,110,
2026-04-16T12:10:01+00:00,71,113,,,352,6,,56,,228,,121,132,,,46,,,,880,162,387,89,385,,,,,,94,650,,0,27,159,,155,,,92,114,,113,,,,,,,,,244,,,,35,18,8,,,140,,,,,,,,,,,,226,,,,209,,,,,,,,,,,,,,,,,,,,,,,,,,,,,,,,,,,,,,,,,,,,,,,,,,,,,,,,,,,,,,,,,,,,,,,,,,,,,,,,,,,181,149,,175,8,,,629,309,383,263,171,,,,,,,,,,,,,,,,,,,,,,,,,,,,,,,,,,,,,,,,,,,,,,,,,,,,,,,,,,,,,36,,194,17,31,46,,,,,,,,303,,,,,,,,99,,,,25,,49,,,,,,,,,,,,,,,46,,,,,,207,,,53,,,,,21,,,,,,,,,,45,,,,,,,,,,,105,150,91,61,145,,221,,81,32,,,,,,,,,,,,,,,210,55,170,351,178,153,,68,,69,234,27,,960,,,,301,,,,,,,,,,33,,,188,58,29,5,,,,,,,,,271,,,245,,,,,,,,,,,,2,,,,,,,,,,,,126,64,13,43,43,98,,91,233,,13,,133,74,20,,,,,67,97,94,87,,66,83,146,45,,114,256,18,,3,,,125,,932,135,225,106,163,37,,,,,,,,,,,,,,,,,,,,,,,261,156,34,327,65,,,,,,,,,,,,,,,,,,,,,,,,,,,,,,,,,,,,,,,,,,,,,,,,,,,,,,,,262,1,84,158,69,509,,157,,94,,,35,,293,93,389,207,,,41,,,,,,,258,,95,,,,117,
2026-04-16T12:15:01+00:00,,114,,,360,8,,53,162,230,,119,135,,,45,,,,,160,388,91,384,,,,,,93,654,,1,26,160,,,,,90,113,,116,,,,,,,132,,245,,,,,21,7,,,141,,39,13,86,,,,,,,,,,,137,207,249,80,135,129,,143,,182,,378,,,105,22,32,147,46,,209,162,4,430,8,,1,77,,,,55,365,101,75,100,,115,337,,,101,,,,,,,,,,,,,,,,105,,,,,317,,,,,116,,,,,,,,,,,,,,,,,182,151,486,181,9,,,635,310,379,255,172,,333,481,294,108,31,129,92,,214,256,85,,,,,,,,,,,,,,,,,,,,,,,,,,,,,,,,,,,,,,,,,,,,,,,,,34,,191,17,30,41,,,,,,,,308,,144,,,,,,100,,,,26,,52,,,,,,11,,,,,,,,,38,,,,,,208,,9,,134,,,,24,,,,,62,,,,,46,,,,,68,,,,,,,147,98,63,141,44,220,,80,36,,,,,,,,,,,,,,,209,53,173,356,177,156,264,69,,70,231,28,,981,,,,,,,,,,,,,,34,,,190,57,33,6,,,,435,,,,87,273,,,250,,,,,,,,,,,,4,,,,,,,,,,,,127,65,,45,48,101,53,95,236,258,,,138,80,,130,,,6,69,96,92,86,1,72,85,147,49,25,113,270,21,,4,,,139,,929,139,226,109,161,,,,,,,,,,,,,,,,,,,,,,,,267,151,35,325,,46,13,40,258,8,49,,33,0,,164,151,210,,226,,190,,150,,,,,,,,,,,,,,,,,,,,,,,,,,,,,,,,,,,,69,263,-100,89,157,70,510,44,,250,,196,82,38,,291,92,394,208,,,,,,,393,112,,264,,94,,,,,
2026-04-16T12:20:02+00:00,73,117,,,363,9,,54,163,231,,125,137,,,,,,,882,162,,99,385,227,,69,,,,658,,,27,,,,,,92,,,,,11,,,,,,,,,,,33,20,,,,140,5,40,17,,225,64,,18,77,,,,,,,209,248,83,139,118,99,140,,184,,381,,8,122,26,,159,,,,,8,433,,113,2,72,89,,567,,350,103,77,102,,116,338,,,103,,,,,,,,,,,,,,,,,,,,,,,,,,,,,,,,,,,,,,,,,,,183,152,489,179,10,,,632,,380,260,170,,,,,,,,,,,,,47,,83,6,78,0,,528,,,,75,,,,,196,332,,707,441,16,,,,185,,,,,248,117,130,47,174,,,,,,,,,,,88,,,,,195,17,28,32,,,,,,,,315,,143,,,,,,102,,,,,,55,,,166,,,13,,,,,,,,,30,,,,,,212,,8,,133,,,,21,,,,,,,,,,45,,,,,,,,,,,,145,106,,140,49,,,,37,,,,,,,,,,,,,,,216,59,176,353,178,159,265,70,,,224,,,987,,,,300,,128,,,,,,,,36,,,,56,32,,,,,434,,,,97,271,,,251,,,,,,,,,,,,,,,,,,,,,,,,,66,17,48,49,102,,106,234,,12,34,146,81,,131,,,,68,94,97,84,0,78,83,150,51,24,111,278,22,132,5,,,,,,,,,,,,,,,,,,,,,,,,,,,,,,,,,264,148,32,326,,45,,,,,,,,,,,,,,,,,,,,,,,,,,,,,,,,,,,,,,,,,,,,,,,,,,,,,,68,264,3,92,159,72,512,50,155,248,95,195,84,36,35,285,93,401,209,,,42,,,,394,,,266,,93,,,,126,
2026-04-16T12:25:01+00:00,67,118,,,362,10,,59,162,230,,122,135,,,46,,,,879,166,386,101,386,233,,70,,,95,651,16,2,,,,156,,,89,114,,,,,,,,,134,,250,31,,,31,21,,,,144,3,42,20,,226,,,,,,,234,35,,,207,252,87,136,121,100,139,,,,,,,,,,,,,,,,,,,,,,,,,,,,,,,,,,,,,,,,,,,,,,,,,,107,,,,,323,,,,,112,127,,,,,,,,,,,,,,,,188,154,491,178,8,,,636,308,,258,,364,336,490,296,109,35,127,,,218,275,82,46,,81,10,82,,,,,,226,,,,,,198,331,,721,450,15,,,281,186,,,,,250,120,,42,,,,,,,,,,,,87,,,32,,187,17,33,36,,,,,,,,,,,,,,,,,,,,,,,,,,,,12,,,,,,,,,29,,,,,,210,,,51,132,,,,17,,,,,,,,,,43,,,,,,,,,,,,149,112,64,138,47,218,,88,36,,,,,,,,,,,,,,,213,60,173,358,179,158,261,71,,67,226,30,,991,,,,301,,,,,,,,,,38,,,191,58,33,7,,,,433,,,19,92,268,,,248,,,,,,,,,,,,,,,,,,,,,,,,,64,,,,,54,104,236,260,11,,145,,21,132,,,,,,99,,,,85,153,50,,,294,23,,6,,,138,,931,,224,108,160,36,,,,,,,,,,,,,,,,,,,,,,,263,150,24,334,66,43,,,,,,,,,,,,,,,,,,,,,,,,,,,,,,,,,,,,,,,,,,,,,,,,,,,,,,66,267,8,95,162,73,515,49,150,,94,194,88,39,34,,96,405,207,,,41,,,,,,,270,,94,,,,131,
2026-04-16T12:30:01+00:00,69,117,,,359,,,60,168,229,,121,134,,,45,,,,869,167,388,109,395,241,,68,,,94,646,,7,28,,,,,2,,113,,115,,,,,,,,,258,,,,,22,8,,,147,,36,19,85,,,,,78,,,,34,,138,213,,,,,,,,,,383,3,21,131,29,,163,,,,163,12,,,114,,76,84,,,57,,107,,,2,112,357,,,104,,,,,,,,,,,,,,,,,,,,,,,,,,,,,,,,,,,,,,,,,,,189,149,492,,6,,,634,307,382,253,,,,,,,,,,,,,,,,,,,,,,,,,,,,,,,,,,,,,,,,,,,,,,,,,,,,,,,,,,,,,,33,,183,17,31,35,,,,,,,,,,146,,,,,,,,,,,,56,,,168,,,,,,,,,,,,,,,,,,213,,,45,131,,,,12,,,,,64,,,,,,,,,,,,,,,,106,147,116,63,143,51,216,,92,33,,,,,,,,,,,,,,,211,59,176,362,,160,,72,,60,227,34,,1000,,,,303,,,,,,,,,,39,,,194,,30,6,,,,434,,,,90,271,,,246,,,,,,,,,,,,,,,,,,,,,,,,129,63,14,51,,101,53,102,242,265,,,142,82,18,135,,,7,66,93,98,85,,79,86,150,51,25,117,311,,,7,,,141,61,934,131,223,,161,39,,,,,,,,,,,,,,,,,,,,,,,265,146,23,338,,44,,,,,,,,,,,,,,,,,,,,,,,,,,,,,,,,,,,,,,,,,,,,,,,,,,,,,,68,275,4,96,166,76,516,,149,251,,,94,40,36,291,,399,208,,,40,,,,395,,,271,,97,,,,,
2026-04-16T12:35:01+00:00,71,120,,,358,6,,64,173,,,118,133,,,46,,,,865,,,118,393,242,,,,,92,649,17,10,,,,,,0,,116,,114,,10,,,,,130,,259,,,,35,,,,,,,41,22,,,66,,16,,,,,,,135,217,250,91,140,126,97,143,,,,,4,27,136,31,34,167,44,,,165,19,434,9,115,,80,93,,,,,109,,117,,117,363,,,,1,,,,,,,,,,,,,,,101,,,,,326,,,,,104,125,,,,,,,,,,,,,,,,185,151,495,177,5,,,639,,380,251,172,,334,500,295,,33,122,,133,211,289,78,60,,70,12,78,,,370,,,223,78,,,,,211,,,736,476,,,,,188,,,,,246,125,129,48,,,,,,,,,,,,84,,,40,,196,17,35,33,,,,,,,,312,,142,,,,,,,1,,,,,,,,167,,,14,,,,,,,,,32,,,,,,216,,7,48,,,,,,,,,,62,,,,,,,,,,,,,,,,,157,122,61,147,50,214,,95,34,8,,,,,,,,,,,,,,209,61,175,363,180,164,264,74,,56,233,32,,1003,,,,301,,126,,,,,,,,,,,192,52,27,5,,,,,,,,88,265,,,248,,,,,,,,,,,,3,,,,,,,,,,,,134,,12,50,,,55,103,244,262,,,150,80,,130,,,,,,100,90,1,83,84,,53,24,,322,22,,,,,,,,130,220,107,164,46,,,,,,,,,,,,,,,,,,,,,,,270,,18,336,,,14,43,,6,54,160,29,2,57,167,153,208,,229,26,196,,151,198,48,,,,,,,,,,,,,,,,,,,,,,,,,,,,,,,,,,69,281,7,105,165,75,518,50,,252,,195,95,36,35,292,95,398,,,,,,,,396,,,274,,,,,,135,
2026-04-16T12:40:01+00:00,74,126,,,357,,,66,175,231,,,131,,,,,,,860,166,387,127,395,246,,70,,,90,645,,,29,158,,158,,1,90,118,,,,8,,,,,128,,260,,,,37,20,,,,,,43,23,,,,,17,,,,235,,,134,222,253,86,147,,100,144,,,,,,,,,,,,,,,,,,,,,,,,,,,,,,,,,,,,,,,,,,,,,,,,,,103,,,,,331,,,,,105,127,,,,,,,,,,,,,,,,187,155,496,171,,,,640,308,378,252,169,,,,,,,,,,,,,,,,,,,,,,,,,,,,,,,,,,,,,,,,,,,,,,,,,,,,,,,,,,,,,41,,200,17,40,29,,,,,,,,313,,141,,,,,,,4,,,27,,60,,,166,,,12,,,,,,,,,36,,,,,,226,,6,46,130,,,,,,,,,66,,,,,44,,,,,,,,,,,,159,130,63,,49,218,,97,35,,,,,,,,,,,,,,,207,64,176,368,,,274,77,,63,230,34,,1006,,,,299,,,,,,,,,,,,,,55,25,7,,,,436,,,,89,267,,,245,,,,,,,,,,,,,,,,,,,,,,,,,64,13,52,47,103,56,110,247,263,,,144,84,9,132,1,,6,65,96,109,91,0,87,82,146,51,,116,331,23,129,9,1,,135,,927,132,222,109,161,,,,,,,,,,,,,,,,,,,,,,,,,,22,335,67,47,,,,,,,,,,,,,,,,,,,,,,,,,,,,,,,,,,,,,,,,,,,,,,,,,,,,,,73,285,10,110,169,73,,45,154,250,93,194,93,34,,289,97,396,,,,41,,,,393,,,275,,99,,,,134,
2026-04-16T12:45:01+00:00,77,,,129,356,,,63,176,235,,128,135,,,49,,,,865,164,388,130,397,253,,71,,,89,649,,9,,156,,159,,2,92,,,113,,9,,,,,126,,,,,,39,21,,,,150,5,45,25,,227,67,,,,,,238,,,,225,,,,,,,,,,,,41,142,35,35,174,41,213,208,167,,436,,,1,86,89,,565,58,355,121,75,126,,,368,,,102,3,,,,,,,,,,,,,,,,,,,,,,,,,,,,,,,,,,,,,,,,,,189,154,497,163,8,,,637,,374,256,170,393,382,589,353,,35,147,93,154,239,341,76,,,72,13,,,,371,,,222,76,,,,,222,332,,747,493,16,,,,189,,,,,242,121,132,50,177,,,,,,,,,,,,,,44,,203,17,45,27,,,,,,,,314,,143,,,,,,,10,,,29,,64,,,,,,,,,,,,,,,38,,,,,,222,,8,,,,,,20,,,,,67,,,,,,,,,,,,,,,,,161,134,65,149,48,219,,98,32,,,,,,,,,,,,,,,208,65,,370,183,163,271,,,66,228,31,,1011,,,,,,125,,,,,,,,40,,,195,57,30,6,,,,,,,,88,268,,,247,,,,,,,,,,,,1,,,,,,,,,,,,132,,14,54,45,104,,105,251,264,,35,150,83,8,133,,,,64,99,110,88,1,88,79,149,54,26,115,336,22,,,2,,138,62,922,128,219,110,162,50,,,,,,,,,,,,,,,,,,,,,,,268,147,17,336,,,16,40,257,8,59,162,27,3,58,164,157,209,,231,27,201,,,197,47,,,,,,,,,,,,,,,,,,,,,,,,,,,,,,,,,,,286,11,,173,75,517,50,152,,95,196,90,35,37,290,99,397,207,,,,,,,394,,,277,,101,,,,130,
2026-04-16T12:50:02+00:00,74,128,,,346,4,,75,180,239,,116,140,,,,,,,859,167,392,133,395,256,,,,,90,652,15,,31,,,157,,,91,,,115,,,,,,,,,266,32,,,37,22,7,,,151,,,28,,228,,1,18,,,,239,,,,224,254,89,145,125,98,,,185,,387,,38,149,36,36,172,43,,211,168,26,438,,116,10,95,94,237,568,57,346,124,73,140,3,126,379,24,,104,2,,,,,,,,,,,,,,,100,,,,,335,,,,,104,,,,,,,,,,,,,,,,,,156,498,159,6,,,632,307,361,254,177,,,,,,,,,,,,,,,,,,,,,,,,,,,,,,,,,,,,,,,,,,,,,,,,,,,,,,,,,,,,,46,,199,17,44,24,,,,,,,,319,,,,,,,,101,7,32,,30,,65,,,167,,,13,,,,,,,,,37,,,,,,217,,,48,,,,,,,,,,66,,,,,45,,,,,,,,,,,105,165,,66,147,46,227,,94,29,,,,,,,,,,,,,,,,63,175,373,187,161,268,81,,65,232,25,,1019,,,,,,,,,,,,,,,,,194,55,,,,,,437,,,,,266,,,248,,,,,,,,,,,,,,,,,,,,,,,,136,65,13,53,46,105,59,111,255,267,12,36,154,82,5,135,,,7,63,103,111,,0,91,70,151,57,29,113,353,20,130,8,5,,122,,927,135,222,,164,54,,,,,,,,,,,,,,,,,,,,,,,272,148,18,333,66,51,13,,256,10,61,,28,,56,166,154,208,,230,,199,,149,199,,,,,,,,,,,,,,,,,,,,,,,,,,,,,,,,,,,74,,7,109,176,,518,43,,245,93,,89,36,,284,100,394,,,,,,,,395,,,284,,,,,,137,
2026-04-16T12:55:01+00:00,69,,,,339,6,,80,176,240,,109,,,,50,,,,865,166,390,,394,254,,73,,,89,655,17,,29,157,,156,,1,,,,116,,,,,,,125,,271,33,,,,,5,,,152,,47,27,86,,69,2,,,,,241,,,135,226,246,85,146,122,92,,,,,,,,,,,,,,,,,,,,,,,,,,,,,,,,,,,,,,,,,,,,,,,,,,,,,,,,,,,,,,,,,,,,,,,,,,,,,,187,154,497,157,5,,,627,309,356,252,180,394,384,598,345,112,39,146,94,155,235,332,66,65,,71,10,76,1,,,,,224,77,,,,,216,,,752,512,15,,,,190,,,,,234,124,134,,174,,,,,,,,,,,81,,,40,,197,17,37,26,,,,,,,,323,,147,,,,,,100,10,31,,,,67,,,,,,,,,,,,,,,40,,,,,,214,,,,,,,,18,,,,,,,,,,,,,,,67,,,,,,106,157,131,68,148,41,229,,93,,9,,,,,,,,,,,,,,209,60,174,370,189,163,,,,62,229,26,,1025,,,,300,,,,,,,,,,,,,195,,31,7,,,,,,,,,269,,,251,,,,,,,,,,,,,,,,,,,,,,,,139,71,,51,42,,,107,,259,,,159,81,4,136,,,8,,102,109,90,,92,64,152,59,28,111,357,,128,7,7,,124,,926,140,218,109,167,48,,,,,,,,,,,,,,,,,,,,,,,271,143,16,330,65,50,,,,,,,,,,,,,,,,,,,,,,,,,,,,,,,,,,,,,,,,,,,,,,,,,,,,,,73,288,,111,180,,519,44,151,,92,,90,38,,277,96,393,208,,,,,,,394,,,287,,98,,,,143,
2026-04-16T13:00:01+00:00,70,129,,,342,7,,85,179,241,,112,141,,,52,,,,857,165,,137,393,253,,76,,,90,656,18,10,,156,,157,,,90,121,,115,,,,,,,,,277,,,,,23,4,,,154,4,45,32,87,230,68,3,,79,,,,,,139,222,,,,,,,,,,388,,43,153,40,,,40,214,210,169,16,441,8,118,,100,99,,570,60,352,126,74,144,5,122,391,23,,105,1,,,,,,,,,,,,,,,90,,,,,340,,,,,102,128,,,,,,,,,,,,,,,,188,153,498,160,7,,,625,,354,250,179,393,380,604,348,,41,142,95,156,232,333,68,,,,,,,,,,,,,,,,,,,,,,,,,,,,,,,,,,,,,,,,,,,,,,,,,37,,195,17,29,27,,,,,,,,,,,,,,,,,,,,,,,,,,,,,,,,,,,,,29,,,,,,210,,7,45,,,,,19,,,,,69,,,,,47,,,,,,,,,,,,,,,,,,,,,,,,,,,,,,,,,,,213,,173,348,,157,272,82,,59,228,24,,1030,,,,302,,,,,,,,,,,,,194,58,34,,,,,439,,,,85,271,,,250,,,,,,,,,,,,,,,,,,,,,,,,,,,,,,,,,,,,,,,,,,,,,,,,,,,,,,,,,,,,,,,,,,,,,,,,,,,,,,,,,,,,,,,,,,,,,,,,,,,,,,,,,,,,,,,,,,,,,,,,,,,,,,,,,,,,,,,,,,,,,,,,,,,,,74,285,9,107,,76,520,46,148,244,91,195,,41,35,280,93,390,204,,,,,,,393,,,290,,97,,,,141,
2026-04-16T13:00:02+00:00,,,,,,,,,,,,,,,,,,,,,,,,,,,,,,,,,,,,,,,,,,,,,,,,,,,,,,,,,,,,,,,,,,,,,,,,,,,,,,,,,,,,,,,,,,,,,,,,,,,,,,,,,,,,,,,,,,,,,,,,,,,,,,,,,,,,,,,,,,,,,,,,,,,,,,,,,,,,,,,,,,,,,,,,,,,,,,,,,,,,,,,,,,,,,,,,,,,,,,,,,,,,,,,,,,,,,,,,,,,,,,,,,,,,,,,,,,,,,,,,,,,,,325,,149,,,,,,99,16,,,29,,70,,,166,,,18,,,,,,,,,,,,,,,,,,,,,,,,,,,,,,,,,,,,,,,,,,,,107,151,135,,149,40,228,,89,30,,,,,,,,,,,,,,,,,,,,,,,,,,,,,,,,,,,,,,,,,,,,,,,,,,,,,,,,,,,,,,,,,,,,,,,,,,,,,,,,,,,,141,73,12,52,,106,,99,257,261,,,157,91,7,135,,,9,64,104,110,88,,98,59,,61,27,,363,18,129,5,,,111,,922,,221,111,,44,,,,,,,,,,,,,,,,,,,,,,,270,,,336,,52,16,50,255,13,53,160,26,4,63,159,149,209,,234,28,201,,150,193,,,,,,,,,,,,,,,,,,,,,,,,,,,,,,,,,,,,,,,,,,,,,,,,,,,,,,,,,,,,,,,,,,,,,,
2026-04-16T13:05:01+00:00,73,132,,128,347,3,,83,177,246,,115,144,,,54,,,,854,166,420,143,395,,,,,,89,653,19,8,28,157,,158,,0,93,,,,,10,,,,,122,,,,,,33,21,5,,,156,2,51,37,,,70,4,,81,,,235,33,,,227,,92,142,126,89,146,,,,389,,44,160,42,37,173,37,,,,22,443,,,13,,109,,568,59,,127,76,154,,123,396,,,107,2,,,,,,,,,,,,,,,,,,,,,,,,,,,,,,,,,,,,,,,,,,183,152,,159,9,,,622,308,,246,184,,,,,,,,,,,,,66,,,6,77,,,363,,,,,,,,,215,,,763,519,16,,,,,,,,,232,127,132,54,176,,,,,,,,,,,83,,,42,,199,17,23,26,,,,,,,,,,148,,,,,,100,20,,,,,78,,,,,,19,,,,,,,,,32,,,,,,213,,5,46,131,,,,18,,,,,,,,,,,,,,,,,,,,,,152,139,71,148,44,223,,378,31,,,,,,,,,,,,,,,214,57,174,341,193,156,,,,57,234,25,,1032,,,,305,,124,,,,,,,,,,,189,57,30,6,,,,437,,,20,,276,,,249,,,,,,,,,,,,,,,,,,,,,,,,146,70,10,51,38,107,,103,261,257,,,156,92,8,134,,,,63,,107,89,,102,60,155,63,26,,369,19,,,,,,,,,,,,,,,,,,,,,,,,,,,,,,,,,,,275,144,13,349,64,50,,51,257,15,52,161,23,5,69,161,,,,232,,197,,149,197,,,,,,,,,,,,,,,,,,,,,,,,,,,,,,,,,,,77,276,6,108,,77,521,45,145,243,,194,94,47,34,278,95,392,203,,,,,,,395,,,293,,99,,,,142,
2026-04-16T13:10:01+00:00,74,133,,129,344,4,,79,,245,,110,148,,,59,,,,844,165,,147,393,252,,78,,,88,661,20,15,24,,,159,,1,92,124,,116,,,,,,,,,280,,,,35,22,6,,,160,3,48,39,,,71,5,,82,,,,34,,142,,,,,,,,,,,390,8,40,,44,42,178,41,,213,171,19,448,14,,11,98,127,236,569,58,349,131,81,157,,127,411,,5,108,1,,,,,,,,,,,,,,,96,,,,,343,,,,,103,127,,,,,,,,,,,,,,,,184,153,496,,10,,,,310,355,248,176,,,,,,,,,,,,,,,,,,,,,,,,,,,,,,,,,,,,,,,,,,,,,,,,,,,,,,,,,,,,,44,,202,17,24,31,,,,,,,,329,,146,,,,,,101,26,,,31,,84,,,165,,,18,,,,,,,,,38,,,,,,216,,7,45,132,,,,16,,,,,71,,,,,46,,,,,66,,,,,,110,148,144,73,142,49,221,,380,37,,,,,,,,,,,,,,,210,60,180,337,192,154,276,,,59,240,23,,1044,,,,,,,,,,,,,,36,,,188,59,32,5,,,,436,,,,86,278,,,250,,,,,,,,,,,,,,,,,,,,,,,,150,72,,52,32,,,108,265,,13,,160,100,14,138,,,,,,101,87,,106,61,159,65,25,109,383,18,,4,8,,120,65,919,144,225,109,168,50,,,,,,,,,,,,,,,,,,,,,,,285,145,14,347,65,52,,,,,,,,,,,,,,,,,,,,,,,,,,,,,,,,,,,,,,,,,,,,,,,,,,,,,,80,279,,113,182,78,,43,144,245,89,,92,48,33,275,96,403,200,,,42,,,,399,113,,298,,101,,,,140,
2026-04-16T13:15:01+00:00,73,136,,128,345,5,,80,178,247,,114,151,,,63,,,,849,162,,,,,,77,,,86,667,18,17,25,155,,158,,0,95,,,,,,,,,,121,,281,,,,37,24,,,,162,4,46,40,,,72,,,,,,241,,,143,223,239,81,143,118,91,149,,,,,10,46,157,43,,181,40,,214,173,29,450,15,117,7,107,125,235,,56,350,136,86,164,,126,418,,,109,3,,,,,,,,,,,,,,,102,,,,,347,,,,,99,132,,,,,,,,,,,,,,,,188,154,495,161,5,,,620,309,354,247,177,394,382,642,356,113,52,139,97,164,240,335,71,62,,74,10,,0,,367,,,,,,,,,218,330,,770,553,14,,,,191,,,,,227,137,131,63,177,,,,,,,,,,,86,,,42,,204,17,31,30,,,,,,,,331,,143,,,,,,,23,29,,29,,87,,,164,,,21,,,,,,,,,35,,,,,,215,,,44,131,,,,12,,,,,,,,,,47,,,,,,,,,,,109,156,149,72,,48,214,,384,33,10,,,,,,,,,,,,,,211,55,186,342,,,,81,,62,239,26,,1053,,,,304,,,,,,,,,,37,,,186,56,29,6,,,,437,,,21,85,,,,256,,,,,,,,,,,,,,,,,,,,,,,,151,75,9,50,31,108,60,112,267,254,15,35,165,107,17,,,,10,62,106,95,89,,107,65,156,67,26,,408,19,,,,,,,,,,,,,,,,,,,,,,,,,,,,,,,,,,,286,141,,361,62,55,,,,,,,,,,,,,,,,,,,,,,,,,,,,,,,,,,,,,,,,,,,,,,,,,,,,,,,280,8,112,178,,520,44,151,244,90,195,95,49,35,279,98,407,201,,,,,,,402,,,295,,96,,,,144,
2026-04-16T13:20:01+00:00,75,139,,,349,1,,77,183,246,,109,,,,61,,,,847,163,,,390,255,,78,,,91,675,21,23,24,,,161,,,,123,,120,,,,,,,120,,283,32,,,35,,7,,,165,,,43,,,76,,17,,,,245,33,,142,225,,,,,,,,,,,,,,,,,,,,,,,,,,,,,,,,,,,,,,,,,,,,,,,,,,,,,,,,,,,,,,,,,,,,,,,,,,,,,,,,,,,192,155,,162,6,,,627,310,364,249,175,,,,,,,,,,,,,,,,,,,,,,,,,,,,,,,,,,,,,,,,,,,,,,,,,,,,,,,,,,,,,,,206,17,35,36,,,,,,,,330,,,,,,,,100,27,22,,30,,,,,165,,,20,,,,,,,,,25,,,,,,228,,6,48,135,,,,13,,,,,70,,,,,,,,,,67,,,,,,,166,151,74,140,50,215,,381,35,,,,,,,,,,,,,,,205,47,190,335,195,156,277,84,,70,243,,,1064,,,,302,,,,,,,,,,40,,,185,57,25,,,,,439,,,,83,280,,,253,,,,,,,,,,,,0,,,,,,,,,,,,152,74,,49,28,107,61,117,274,256,16,,173,111,18,137,,,,63,,93,93,1,,,158,69,,110,413,18,,,9,,118,66,916,153,227,106,171,49,,,,,,,,,,,,,,,,,,,,,,,287,146,13,368,59,60,15,52,255,17,54,164,,4,72,157,140,211,,243,,192,,153,191,48,,,,,,,,,,,,,,,,,,,,,,,,,,,,,,,,,,81,281,6,116,,,519,38,145,242,,,97,50,37,275,99,406,202,,,,,,,403,,,291,,95,,,,143,
2026-04-16T13:25:02+00:00,77,141,56,127,361,,,78,182,249,,,154,,,62,,,,844,160,424,150,389,260,,79,,,88,,,,26,153,,,,1,99,124,,,,12,,,,,,,285,33,,,31,22,,,,166,,51,48,,,77,8,15,83,,,,,,144,230,227,,152,114,95,155,,187,,,14,,161,49,,185,41,,,174,38,453,,119,11,104,120,,570,55,355,139,90,161,,130,,,,110,,,,,,,,,,,,,,,,104,,,,,354,,,,,100,133,,,,,,,,,,,,,,,,189,153,,168,8,,,638,309,369,248,173,395,381,670,349,,59,140,,166,239,329,,61,,75,11,82,,,379,,,221,81,,,,,235,328,,786,587,13,,,,,,,,,224,142,129,66,178,,,,,,,,,,,83,,,,,209,17,36,34,,,,,,,,331,,,,,,,,102,,23,,29,,89,,,166,,,21,,,,,,,,,13,,,,,,226,,,51,,,,,11,,,,,72,,,,,,,,,,,,,,,,110,155,156,,141,55,213,,,36,9,,,,,,,,,,,,,,203,54,192,332,197,152,283,85,,72,240,,,1074,,,,303,,,,,,,,,,,,,183,54,24,,,,,,,,20,87,281,,,256,,,,,,,,,,,,1,,,,,,,,,,,,,75,,50,30,110,62,122,277,,17,36,175,114,15,136,,,,64,107,101,92,0,109,66,156,77,23,113,428,,128,6,8,,116,,913,158,229,,168,55,,,,,,,,,,,,,,,,,,,,,,,294,154,15,367,,62,,,,,,,,,,,,,,,,,,,,,,,,,,,,,,,,,,,,,,,,,,,,,,,,,,,,,,82,275,5,111,179,79,518,32,,243,91,,98,49,36,277,,405,199,,,,,,,404,,,286,,99,,,,145,
2026-04-16T13:30:01+00:00,81,144,,,355,,,77,185,252,,104,162,,,63,,,,858,158,426,,387,267,,81,,,89,,19,27,28,,,160,,,98,,,121,,13,,,,,,,287,,,,,21,,,,,,48,53,88,,80,10,14,84,,,249,35,,146,231,231,78,155,112,100,148,,,,394,15,52,183,51,49,184,39,,215,173,45,462,13,,17,111,127,234,573,,371,143,91,174,,134,426,,,111,8,,,,,,,,,,,,,,,99,,,,,360,,,,,,140,,,,,,,,,,,,,,,,185,155,489,174,,,,642,310,365,247,172,,,,,,,,,,,,,,,,,,,,,,,,,,,,,,,,,,,,,,,,,,,,,,,,,,,,,,,,,,,,,,,216,17,34,38,,,,,,,,332,,145,,,,,,,33,24,,31,,,,,,,,20,,,,,,,,,19,,,,,,229,,8,56,,,,,9,,,,,74,,,,,,,,,,,,,,,,,152,146,75,138,56,217,,383,38,10,,,,,,,,,,,,,,202,51,195,328,198,157,290,,,73,239,23,,1078,,,,,,,,,,,,,,41,,,182,52,25,5,,,,438,,,,88,,,,259,,,,,,,,,,,,2,,,,,,,,,,,,155,74,11,51,28,112,61,125,275,253,,38,174,,14,139,,,12,65,109,100,94,,110,67,,,22,114,438,16,125,7,6,,110,,907,154,227,108,,57,,,,,,,,,,,,,,,,,,,,,,,298,156,9,,58,71,,,,,,,,,,,,,,,,,,,,,,,,,,,,,,,,,,,,,,,,,,,,,,,,,,,,,,,279,,115,,,515,31,142,244,90,194,99,50,,278,96,400,202,,,,,,,,,,283,,98,,,,150,
2026-04-16T13:35:02+00:00,79,146,,129,357,,,,181,253,,,166,,,65,,,,,160,,156,384,270,,84,,,95,690,21,23,,,,163,,,100,125,,120,,11,,,,,116,,,34,,,34,22,9,,,168,8,44,55,,227,79,9,15,,,,246,37,,145,234,,,,,,,,,,,16,45,193,56,52,188,37,213,,174,41,465,15,118,20,120,135,235,574,57,375,149,92,182,,136,431,,,,10,,,,,,,,,,,,,,,,,,,,,,,,,,,,,,,,,,,,,,,,,,183,160,484,179,14,,,651,307,359,249,175,396,386,674,346,115,61,134,,,236,334,74,67,,79,10,,,,382,,,226,78,,,,,233,329,,807,624,12,,,,197,,,,,219,141,131,72,180,,,,,,,,,,,93,,,45,,212,17,35,,,,,,,,,,,152,,,,,,97,41,,,,,90,,,,,,21,,,,,,,,,7,,,,,,231,,,,,,,,,,,,,,,,,,,,,,,,,,,,,,162,147,78,,55,216,,384,43,,,,,,,,,,,,,,,211,42,201,,202,154,300,88,,72,241,21,,1087,,,,306,,126,,,,,,,,,,,180,56,23,6,,,,439,,,,86,282,,,260,,,,,,,,,,,,,,,,,,,,,,,,157,76,15,,26,114,,133,278,251,,,177,115,17,,,,,68,110,92,93,,113,73,157,78,23,115,442,14,123,5,7,,107,,898,151,229,105,167,58,,,,,,,,,,,,,,,,,,,,,,,294,,13,377,57,72,17,54,258,18,51,170,26,,73,155,132,209,,244,,201,,156,,51,,,,,,,,,,,,,,,,,,,,,,,,,,,,,,,,,,81,,10,113,,80,510,,138,245,88,,,,,281,95,403,206,,,,,,,407,114,,282,,99,,,,148,
2026-04-16T13:40:02+00:00,80,149,,130,366,3,,79,183,252,,108,162,,,66,,,,847,,423,159,,,,87,,,94,697,20,26,,,,164,,0,103,124,,118,,13,,,,,119,,288,32,,,35,,7,,,,7,42,,,228,78,11,17,83,,,,40,,,228,223,82,156,106,107,153,,188,,,,,,,,,,,,,,,,,,,,,,,,,,,,,,,,,,,,,,,,,,,,,,,,105,,,,,364,,,,,99,144,,,,,,,,,,,,,,,,186,163,469,190,,,,,305,,250,174,,,,,,,,,,,,,,,,,,,,,,,,,,,,,,,,,,,,,,,,,,,,,,,,,,,,,,,,,,,,,49,,209,17,31,40,,,,,,,,331,,153,,,,,,,,25,,32,,88,,,,,,22,,,,,,,,,4,,,,,,233,,7,61,,,,,10,,,,,75,,,,,49,,,,,66,,,,,,,160,148,79,141,52,214,,388,44,,,,,,,,,,,,,,,212,30,202,327,201,156,298,89,,73,233,25,,1093,,,,305,,125,,,,,,,,,,,179,61,25,7,,,,438,,,,83,281,,,,,,,,,,,,,,,1,,,,,,,,,,,,163,77,,50,28,,60,134,280,,,,182,113,,141,,,,70,112,94,,,116,71,,83,19,,471,11,121,6,,,,,,,,,,,,,,,,,,,,,,,,,,,,,,,,,290,157,8,391,55,69,,,,,,,,,,,,,,,,,,,,,,,,,,,,,,,,,,,,,,,,,,,,,,,,,,,,,,80,280,13,116,185,81,514,30,136,246,,195,100,46,,279,90,408,,,,,,,,410,,,280,,101,,,,144,
2026-04-16T13:45:01+00:00,79,153,,,360,,,75,182,251,,103,164,,,67,,,,839,162,421,167,380,267,,,,,95,707,,29,27,,,168,,3,,,,115,,,,,,,117,,289,26,,,34,24,9,,,,9,,61,,229,80,9,,,,,245,,,146,229,,,,,,,,,,,19,41,199,59,55,194,,214,216,,37,468,16,,,121,130,,573,58,389,150,95,,,137,439,,,,13,,,,,,,,,,,,,,,,,,,,,,,,,,,,,,,,,,,,,,,,,,182,174,468,198,16,,,659,303,348,251,177,,388,687,335,119,71,132,102,165,232,326,66,68,,84,9,85,,,385,,,,80,,,,,240,332,,831,652,15,,,317,201,,,,,213,146,137,76,187,,,,,,,,,,,99,,,47,,207,17,29,41,,,,,,,,335,,151,,,,,,,,23,,33,,90,,,167,,,21,,,,,,,,,5,,,,,,235,,6,65,,,,,11,,,,,,,,,,50,,,,,65,,,,,,,157,157,77,145,59,224,,391,47,,,,,,,,,,,,,,,207,31,200,325,202,,299,91,,67,242,22,,1099,,,,307,,126,,,,,,,,42,,,178,64,27,5,,,,440,,,,,284,,,261,,,,,,,,,,,,,,,,,,,,,,,,161,79,17,,,,61,137,284,245,,,188,116,,144,,,13,68,,99,99,,121,74,162,88,24,,503,8,,5,3,,111,69,897,155,227,104,166,,,,,,,,,,,,,,,,,,,,,,,,291,152,9,402,59,67,,,,,,,,,,,,,,,,,,,,,,,,,,,,,,,,,,,,,,,,,,,,,,,,,,,,,,79,279,17,124,186,80,512,,137,245,,,106,49,33,280,91,414,207,,,39,,,,411,,,,,104,,,,150,
2026-04-16T13:50:01+00:00,78,154,,,,1,,72,185,246,,110,165,,,68,,,,831,161,422,171,382,,,,,,,,,27,30,154,,,,,106,121,,,,,,,,,116,,291,24,,,33,,8,,,169,10,41,64,,230,78,,,,,,,38,,145,230,218,71,155,100,110,156,,191,,397,17,43,207,61,64,216,38,,217,179,44,474,19,,26,130,120,240,,57,393,152,98,199,1,139,447,,6,115,11,,,,,,,,,,,,,,,102,,,,,374,,,,,108,147,,,,,,,,,,,,,,,,181,180,479,201,14,,,660,302,347,243,173,,,,,,,,,,,,,,,,,,,,,,,,,,,,,,,,,,,,,,,,,,,,,,,,,,,,,,,,,,,,,,,197,17,25,48,,,,,,,,339,,,,,,,,100,43,24,,,,91,,,166,,,24,,,,,,,,,9,,,,,,240,,8,63,136,,,,15,,,,,71,,,,,53,,,,,,,,,,,,,155,,146,53,221,,396,46,12,,,,,,,,,,,,,,208,30,198,332,203,160,301,99,,68,239,26,,1109,,,,311,,125,,,,,,,,41,,,176,61,,3,,,,441,,,21,82,286,,,258,,,,,,,,,,,,2,,,,,,,,,,,,159,,18,,30,,,145,281,244,19,,190,118,19,147,,,,,,101,,,,75,,95,21,,513,7,119,,2,,124,,895,153,230,105,168,65,,,,,,,,,,,,,,,,,,,,,,,297,157,7,404,,63,25,59,260,25,49,172,28,9,72,152,142,207,,245,26,208,,157,,52,,,,,,,,,,,,,,,,,,,,,,,,,,,,,,,,,,,,20,129,,,511,32,,246,89,194,110,50,34,282,90,413,205,,,,,,,414,,,277,,,,,,142,
2026-04-16T13:55:01+00:00,83,156,,,361,2,,75,187,,,117,168,,,69,,,,834,157,423,,386,262,,,,,,709,,26,,,,172,,,109,124,,120,,12,,,,,104,,293,26,,,34,26,,,,170,11,38,66,,,,,,,,,,39,,147,228,,,,,,,,,,400,21,41,218,63,63,,,,,181,48,481,18,,,124,119,,571,58,396,155,100,202,2,142,453,,,116,16,,,,,,,,,,,,,,,,,,,,,,,,,,,,,,,,,,,,,,,,,,180,178,494,204,10,,,662,,346,,175,397,393,716,327,118,73,,103,173,236,,77,,,,,,,,,,,,,,,,,,,,,,,,,,,,,,,,,,,,,,,,,,,,,,,,,51,,194,17,24,49,,,,,,,,,,,,,,,,102,42,25,,35,,92,,,,,,27,,,,,,,,,11,,,,,,238,,9,65,135,,,,17,,,,,69,,,,,51,,,,,,,,,,,111,158,156,,149,,217,,393,47,,,,,,,,,,,,,,,210,32,,326,,156,296,,,66,240,24,,1116,,,,313,,,,,,,,,,42,,,,63,,5,,,,442,,,,84,287,,,257,,,,,,,,,,,,,,,,,,,,,,,,161,81,20,47,28,118,62,143,284,241,20,,192,117,,144,,,,,,103,,,128,71,160,104,,112,540,5,116,4,3,,118,,890,156,235,107,167,,,,,,,,,,,,,,,,,,,,,,,,302,159,13,408,58,,,,,,,,,,,,,,,,,,,,,,,,,,,,,,,,,,,,,,,,,,,,,,,,,,,,,,,77,276,19,130,187,82,512,29,140,244,86,,112,51,35,,92,408,202,,,,,,,,,,,,105,,,,,
2026-04-16T14:00:01+00:00,,158,,,368,,,77,186,247,,122,166,,,71,,,,829,,422,173,385,256,,88,,,96,710,,34,31,,,,,,,126,,118,,13,,,,,99,,,30,,,35,28,9,,,172,,37,65,,,,,18,,,,241,,,149,229,,,,,,,,,,,,,,,,,,,,,,,,,,,,,,,,,,,,,,,,,,,,,,,,,,,,,,,,,,,,,,,,,,,,,,,,,,,,,,,,,,,184,187,505,206,11,,,658,303,343,242,176,,,,,,,,,,,,,72,,85,18,89,1,,383,,,228,81,,,,,248,329,,840,702,14,,,,206,,,,,210,172,,81,180,,,,,,,,,,,109,,,,,197,17,26,52,,,,,,,,340,,148,,,,,,,43,23,,,,93,,,,,,30,,,,,,,,,24,,,,,,234,,7,,136,,,,25,,,,,73,,,,,50,,,,,,,,,,,117,151,165,,148,52,224,,399,46,,,,,,,,,,,,,,,208,43,205,325,,158,298,102,,70,241,,,1137,,,,312,,,,,,,,,,,,,181,65,,4,,,,441,,,20,85,285,,,255,,,,,,,,,,,,3,,,,,,,,,,,,165,82,,43,24,,,144,301,235,21,,,120,14,146,,,14,67,113,104,101,,138,73,165,102,18,110,559,,,5,9,,128,68,896,155,239,,172,60,,,,,,,,,,,,,,,,,,,,,,,305,162,12,,54,61,,,,,,,,,,,,,,,,,,,,,,,,,,,,,,,,,,,,,,,,,,,,,,,,,,,,,,,273,,136,186,,,33,142,,87,195,113,,,286,91,407,,,,,,,,413,,,278,,,,,,,
2026-04-16T14:05:01+00:00,81,167,,,378,,,76,177,253,,115,169,,,72,,,,827,153,421,172,383,257,,,,,95,712,19,27,,152,,174,,2,110,127,,120,,16,,,,,98,,298,33,,,36,29,,,,,12,39,66,,,77,8,17,,,,238,,,150,,219,66,156,102,108,148,,193,,,22,42,228,70,66,221,40,213,218,,56,478,19,,39,122,115,241,575,,406,157,,224,7,144,461,,,117,18,,,,,,,,,,,,,,,104,,,,,380,,,,,106,144,,,,,,,,,,,,,,,,176,195,508,205,7,,,660,304,347,243,172,,396,785,326,117,,137,105,192,,329,78,,,,,,,,,,,,,,,,,,,,,,,,,,,,,,,,,,,,,,,,,,,,,,,,,52,,,17,27,55,,,,,,,,341,,,,,,,,101,59,26,,36,,96,,,168,,,,,,,,,,,,35,,,,,,239,,6,61,,,,,29,,,,,74,,,,,,,,,,,,,,,,120,146,174,79,154,54,221,,400,48,,,,,,,,,,,,,,,206,,207,328,206,162,301,101,,68,244,25,,1141,,,,314,,123,,,,,,,,41,,,,67,29,,,,,443,,,18,87,286,,,253,,,,,,,,,,,,,,,,,,,,,,,,168,81,18,41,23,,61,153,306,,,39,197,119,15,,,,,69,,105,99,,147,75,166,117,14,113,580,,,,17,,126,,897,157,241,106,174,55,,,,,,,,,,,,,,,,,,,,,,,311,159,20,401,53,62,27,63,258,30,56,171,29,4,75,148,157,212,,252,,212,,,175,56,,,,,,,,,,,,,,,,,,,,,,,,,,,,,,,,,,78,262,22,145,191,,511,,151,245,88,196,118,54,38,287,95,,204,,,40,,,,414,,,280,,106,,,,143,
2026-04-16T14:10:01+00:00,83,172,,,379,,,75,174,254,,120,176,,,73,,,,830,152,420,174,377,254,,90,,,,715,20,32,32,151,,173,,3,108,129,,,,17,,,,,95,,299,,,,35,28,,,,173,11,,70,,,,10,18,84,,,233,,,151,,,,,,,,,,,402,21,48,234,73,71,223,41,212,220,187,58,484,23,116,45,133,121,,583,57,416,165,,235,2,152,478,24,,121,20,,,,,,,,,,,,,,,,,,,,,,,,,,,,,,,,,,,,,,,,,,177,201,515,216,5,,,665,305,354,240,164,,,,,,,,,,,,,77,,80,25,96,0,,385,,,229,84,,,,,246,331,,833,707,13,,,,205,,,,,205,168,,79,184,,,,,,,,,,,105,,,59,,195,17,30,56,,,,,,,,,,144,,,,,,100,,,,,,97,,,,,,,,,,,,,,,30,,,,,,238,,7,62,,,,,32,,,,,77,,,,,51,,,,,,,,,,,122,147,179,83,155,51,229,,393,47,,,,,,,,,,,,,,,202,47,209,330,209,167,,103,,74,,,,1154,,,,316,,127,,,,,,,,,,,183,64,27,,,,,,,,20,88,,,,250,,,,,,,,,,,,2,,,,,,,,,,,,170,83,20,40,26,120,,162,309,237,,,200,117,,148,,,,70,114,108,98,,151,81,167,122,20,116,593,,,7,,,115,,893,154,243,,172,59,,,,,,,,,,,,,,,,,,,,,,,310,,,397,52,,28,65,,34,57,172,,7,78,,161,213,,254,,215,,156,179,54,,,,,,,,,,,,,,,,,,,,,,,,,,,,,,,,,,79,260,,148,194,81,,37,152,246,,197,,56,40,289,96,409,202,,,,,,,418,,,273,,105,,,,145,
2026-04-16T14:15:01+00:00,88,170,,131,385,1,,71,180,258,,115,181,,,71,,,,,150,,179,380,251,,,,,93,717,,35,31,,,,,,109,132,,117,,16,,,,,93,,301,36,,,34,30,7,,,174,,,71,,229,,11,,83,,,232,40,,,236,217,60,152,93,110,153,,194,,,26,51,241,75,73,229,40,213,279,191,69,488,22,118,47,132,134,,694,56,421,169,,239,1,,482,25,,120,19,,,,,,,,,,,,,,,91,,,,,389,,,,,109,143,,,,,,,,,,,,,,,,179,204,523,217,,,,673,307,350,236,167,399,405,802,325,116,72,140,107,194,235,332,74,80,,83,32,105,,,396,,,233,97,,,,,259,,,826,750,18,,,,209,,,,,204,169,133,90,174,,,,,,,,,,,103,,,63,,188,17,35,58,,,,,,,,344,,145,,,,,,103,65,,,37,,96,,,169,,,,,,,,,,,,37,,,,,,244,,6,67,,,,,28,,,,,79,,,,,50,,,,,,,,,,,124,152,183,87,158,53,231,,392,48,,,,,,,,,,,,,,,203,48,210,328,210,174,297,105,,80,242,21,,1165,,,,318,,,,,,,,,,,,,188,66,26,3,,,,,,,,87,288,,,252,,,,,,,,,,,,1,,,,,,,,,,,,168,87,21,42,25,122,59,174,,236,,40,201,119,22,149,,,15,72,115,119,104,,160,86,,135,25,117,625,3,115,10,26,,121,69,889,146,249,107,171,66,,,,,,,,,,,,,,,,,,,,,,,308,160,19,,49,66,,,,,,,,,,,,,,,,,,,,,,,,,,,,,,,,,,,,,,,,,,,,,,,,,,,,,,78,253,28,151,195,80,509,33,157,,,196,119,54,42,295,98,406,,,,,,,,,,,271,,104,,,,143,
2026-04-16T14:20:02+00:00,,179,,,390,,,69,185,260,,114,179,,,73,,,,823,151,421,180,382,252,,,,,,719,,33,33,150,,174,,,112,136,,,,18,,,,,89,,304,38,,,33,,,,,175,10,,73,,,78,15,,82,,,227,41,,,235,,,,,,,,,,,,,,,,,,,,,,,,,,,,,,,,,,,,,,,,,,,,,,,,,,,,,,,,,,,,,,,,,,,,,,,,,,,,,,,,,,,180,210,,223,7,,,677,306,347,240,176,,,,,,,,,,,,,,,,,,,,,,,,,,,,,,,,,,,,,,,,,,,,,,,,,,,,,,,,,,,,,,,195,17,,61,,,,,,,,346,,150,,,,,,102,,,,36,,,,,168,,,,,,,,,,,,36,,,,,,252,,,64,,,,,24,,,,,77,,,,,,,,,,,,,,,,,163,190,89,,57,,,388,49,,,,,,,,,,,,,,,214,37,219,331,213,180,294,106,,81,248,26,,1175,,,,322,,,,,,,,,,43,,,186,60,24,4,,,,444,,,,94,287,,,251,,,,,,,,,,,,0,,,,,,,,,,,,,,22,,27,123,57,178,307,238,22,,206,120,21,148,,,16,,,124,106,,164,93,170,140,26,,637,,113,,31,,136,,888,150,252,108,167,69,,,,,,,,,,,,,,,,,,,,,,,317,162,21,408,50,70,,62,259,38,58,168,28,9,80,142,167,214,,257,,216,,157,184,53,,,,,,,,,,,,,,,,,,,,,,,,,,,,,,,,,,,,27,159,196,81,,31,156,248,89,194,117,52,41,297,99,410,201,,,39,,,,419,,,275,,110,,,,142,
2026-04-16T14:25:01+00:00,94,180,,,397,,,81,179,258,,110,181,,,71,,,,827,150,422,176,,240,,94,,,96,726,21,35,34,,,177,,,113,137,,126,,,,,,,92,,302,39,,,30,,8,,,178,8,40,75,,,,20,,80,,,,,,,234,219,59,153,98,104,155,,195,,,35,59,249,78,74,235,,212,281,195,72,490,23,,52,135,136,,700,,,171,99,255,,151,,,,122,25,,,,,,,,,,,,,,,77,,,,,400,,,,,106,145,,,,,,,,,,,,,,,,,218,524,225,9,,,680,308,350,,177,401,410,813,335,,76,137,111,201,237,338,66,79,,,37,109,,,,,,239,,,,,,264,,,837,771,19,,,,210,,,,,207,172,134,92,,,,,,,,,,,,110,,,62,,202,17,40,64,,,,,,,,,,145,,,,,,104,66,25,,39,,97,,,,,,32,,,,,,,,,31,,,,,,263,,,66,,,,,23,,,,,76,,,,,47,,,,,,,,,,,125,162,196,91,157,61,223,,389,,,,,,,,,,,,,,,,216,39,224,329,215,185,295,,,79,,23,,1181,,,,323,,,,,,,,,,42,,,179,,22,,,,,,,,,103,288,,,254,,,,,,,,,,,,3,,,,,,,,,,,,176,,,40,26,125,,180,314,227,,,202,129,,150,,,18,71,119,121,109,,170,95,166,145,,115,653,2,114,9,36,,128,,897,152,256,111,,71,,,,,,,,,,,,,,,,,,,,,,,,159,25,414,51,72,29,,260,39,59,166,,7,,139,,215,,258,,219,,158,187,,,,,,,,,,,,,,,,,,,,,,,,,,,,,,,,,,,80,250,24,160,198,83,508,33,159,,91,,118,53,42,302,102,409,,,,40,,,,420,,,273,,,,,,,
2026-04-16T14:30:01+00:00,93,183,,,399,,,77,183,259,,112,,,,69,,,,832,,420,180,386,236,,97,,,97,731,22,39,33,152,,178,,,115,139,,,,21,,,,,87,,,,,,,29,9,,,,7,42,79,,228,76,,,,,,225,,,149,233,,,,,,,,,,,44,62,259,87,76,241,39,211,284,197,85,493,24,117,65,140,138,245,704,58,418,179,101,262,2,154,488,,,126,28,,,,,,,,,,,,,,,,,,,,,,,,,,,,,,,,,,,,,,,,,,184,224,522,229,14,,,,,345,239,175,,,,,,,,,,,,,,,,,,,,,,,,,,,,,,,,,,,,,,,,,,,,,,,,,,,,,,,,,,,,,,,199,17,39,65,,,,,,,,345,,144,,,,,,103,71,24,,40,,96,,,,,,30,,,,,,,,,27,,,,,,261,,5,64,,,,,21,,,,,80,,,,,46,,,,,,,,,,,,171,201,93,158,62,224,,386,52,,,,,,,,,,,,,,,218,45,231,,218,190,293,108,,81,,24,,1195,,,,324,,,,,,,,,,43,,,176,56,,5,,,,445,,,21,106,287,,,253,,,,,,,,,,,,4,,,,,,,,,,,,178,85,,39,25,126,56,188,316,231,,39,,132,22,151,,,,,121,,105,,174,96,164,148,25,,661,,113,,35,,130,,896,,255,112,165,,,,,,,,,,,,,,,,,,,,,,,,328,157,18,417,52,71,,,,,,,,,,,,,,,,,,,,,,,,,,,,,,,,,,,,,,,,,,,,,,,,,,,,,,77,245,,169,200,81,503,32,155,247,,195,127,51,41,,100,405,200,,,42,,,,421,,,278,,108,,,,137,
2026-04-16T14:35:01+00:00,92,187,,,400,8,,,175,261,,,184,,,,,,,825,156,421,193,387,234,,94,,,96,741,24,38,35,,,181,,,,138,,123,,20,,,,,,,304,,,,31,30,,,,,,43,78,,,75,23,,,,,221,42,,150,228,222,57,155,99,103,156,,196,,,,,,,,,,,,,,,,,,,,,,,,,,,,,,,,,,,,,,,,,,,,,,,,73,,,,,401,,,,,103,142,,,,,,,,,,,,,,,,183,234,525,232,,,,683,,353,236,179,402,424,837,344,120,86,132,118,216,235,347,59,76,,86,39,,,,399,,,241,94,,,,,270,335,,842,822,24,,,,217,,,,,211,174,,95,183,,,,,,,,,,,115,,,64,,203,17,36,63,,,,,,,,,,147,,,,,,104,,23,,,,98,,,,,,,,,,,,,,,29,,,,,,266,,,67,,,,,26,,,,,83,,,,,45,,,,,,,,,,,124,174,202,94,,66,219,,393,50,,,,,,,,,,,,,,,215,57,,331,223,198,295,,,82,254,21,,1203,,,,,,128,,,,,,,,,,,175,,26,6,,,,,,,22,105,289,,,257,,,,,,,,,,,,5,,,,,,,,,,,,177,89,23,40,26,128,55,193,317,,,,203,137,25,152,,,17,70,122,117,104,1,182,98,169,152,,,671,,111,8,38,,128,68,915,149,264,113,170,79,,,,,,,,,,,,,,,,,,,,,,,325,161,17,407,51,65,30,66,268,44,62,170,30,,81,147,166,217,,257,27,229,,155,206,,,,,,,,,,,,,,,,,,,,,,,,,,,,,,,,,,,76,242,28,171,195,82,,30,158,248,93,194,130,55,40,304,,409,202,,,41,,,,422,115,,285,,111,,,,134,
2026-04-16T14:40:01+00:00,90,195,,132,402,16,,73,179,257,,113,183,,,68,,,,831,163,424,199,389,235,,93,,,93,744,,44,37,153,,183,,2,117,,,124,,21,,,,,86,,306,,,,29,,,,,,,41,84,,227,74,,,,,,219,43,,149,229,,,,,,,,,,404,46,58,258,86,81,240,,212,287,,88,494,,118,,133,,,707,,421,189,100,272,,155,487,,,,24,,,,,,,,,,,,,,,76,,,,,403,,,,,106,143,,,,,,,,,,,,,,,,185,239,,235,12,,,680,309,346,,186,,,,,,,,,,,,,,,,,,,,,,,,,,,,,,,,,,,,,,,,,,,,,,,,,,,,,,,,,,,,,61,,201,17,39,67,,,,,,,,346,,,,,,,,,72,,,39,,,,,169,,,,,,,,,,,,25,,,,,,281,,4,71,135,,,,29,,,,,88,,,,,47,,,,,,,,,,,,170,200,95,162,68,224,,392,,,,,,,,,,,,,,,,212,62,228,329,226,203,296,,,,,18,,1209,,,,326,,129,,,,,,,,,,,173,60,25,,,,,,,,,102,292,,,259,,,,,,,,,,,,6,,,,,,,,,,,,179,,21,41,29,130,53,206,321,228,,,204,135,27,153,,,,71,124,120,106,2,192,103,171,155,24,117,678,,112,5,,,,,,,,,,,,,,,,,,,,,,,,,,,,,,,,,320,167,20,404,,67,29,64,271,45,66,173,29,,,,161,,,258,,233,,153,,54,,,,,,,,,,,,,,,,,,,,,,,,,,,,,,,,,,,,27,173,,85,499,31,159,256,94,193,134,54,,310,,407,201,,,,,,,423,,,292,,114,,,,142,
2026-04-16T14:45:02+00:00,94,194,57,,400,,,78,182,256,,108,185,,,69,,,,820,166,426,196,386,238,,,,,,751,23,41,33,151,,184,,,118,141,,,,20,,,,,90,,309,,,,28,32,,,,180,,,86,,,76,26,,81,,,211,,,150,225,220,63,149,101,106,158,,,,,,,,,,,,,,,,,,,,,,,,,,,,,,,,,,,,,,,,,,,,,,,,,,,,,,,,,,,,,,,,,,,,,,,,,,,,,186,245,522,240,8,,,682,,338,235,185,406,434,855,335,122,88,141,122,221,231,383,64,77,,87,42,110,,,402,,,243,,,,,,271,336,,851,838,25,,,,221,,,,,210,183,131,93,180,,,,,,,,,,,114,,,60,,205,17,43,69,,,,,,,,348,,,,,,,,,,,,43,,99,,,170,,,,,,,,,,,,30,,,,,,285,,,72,,,,,26,,,,,91,,,,,,,,,,,,,,,,127,184,210,98,165,75,227,,393,51,,,,,,,,,,,,,,,214,63,224,326,229,206,301,,,87,259,19,,1215,,,,325,,,,,,,,,,,,,175,61,24,,,,,444,,,,104,293,,,258,,,,,,,,,,,,2,,,,,,,,,,,,180,90,22,37,37,,52,208,319,225,23,38,206,137,29,155,,,18,73,125,129,,0,203,105,172,161,30,120,684,3,113,4,42,,135,67,925,150,266,112,,87,,,,,,,,,,,,,,,,,,,,,,,325,163,24,402,52,72,,,,,,,,,,,,,,,,,,,,,,,,,,,,,,,,,,,,,,,,,,,,,,,,,,,,,,77,241,30,174,200,,500,23,161,257,92,195,132,53,43,,101,404,202,,,,,,,,,,287,,113,,,,,
2026-04-16T14:50:01+00:00,93,196,56,,402,13,,75,185,253,,106,183,,,,,,,828,167,425,201,385,232,,,,,94,754,,,31,149,,183,,,116,143,,121,,21,,,,,93,,312,,,,26,34,,,,,,48,89,,228,75,28,19,82,,,,41,,,222,,,,,,,,,,405,41,65,277,91,93,236,40,213,285,199,99,497,26,117,73,138,141,244,714,,428,195,,279,,157,496,,,132,26,,,,,,,,,,,,,,,73,,,,,409,,,,,,147,,,,,,,,,,,,,,,,188,252,523,241,7,,,687,308,327,245,182,,,,,,,,,,,,,,,,,,,,,,,,,,,,,,,,,,,,,,,,,,,,,,,,,,,,,,,,,,,,,64,,207,17,41,68,,,,,,,,349,,143,,,,,,,74,,,42,,100,,,169,,,,,,,,,,,,35,,,,,,283,,5,75,,,,,22,,,,,93,,,,,48,,,,,,,,,,,,176,212,,171,74,228,,398,50,,,,,,,,,,,,,,,,67,227,334,230,,295,110,,92,258,,,1219,,,,324,,,,,,,,,,,,,178,62,23,8,,,,445,,,21,102,295,,,252,,,,,,,,,,,,4,,,,,,,,,,,,183,92,23,35,34,,,212,318,213,25,,205,136,33,154,,,19,,,127,,4,206,109,173,164,29,121,688,,,,,,,,,,,,,,,,,,,,,,,,,,,,,,,,,,,,327,,27,407,51,79,,,,,,,,,,,,,,,,,,,,,,,,,,,,,,,,,,,,,,,,,,,,,,,,,,,,,,75,233,26,171,201,89,502,22,,258,94,,131,50,42,298,97,406,199,,,42,,,,,,,295,,,,,,137,
2026-04-16T14:55:01+00:00,,200,,,403,11,,71,,256,,105,186,,,67,,,,829,165,424,211,388,230,,90,,,90,755,22,42,29,147,,185,,,,144,,120,,,,,,,89,,,38,,,25,,,,,179,,49,88,,230,74,27,20,81,,,200,,,,226,213,72,150,,101,159,,198,,,,,,,,,,,,,,,,,,,,,,,,,,,,,,,,,,,,,,,,,,,,,,,,,,,,,,,,,,,,,,,,,,,,,,,,,,,186,258,525,240,,,,688,306,319,246,185,409,438,882,312,,,140,124,224,233,380,66,80,,86,,119,,,400,,,245,95,,,,,278,340,,879,863,,,,,222,,,,,208,193,135,90,178,,,,,,,,,,,113,,,63,,208,17,42,67,,,,,,,,350,,141,,,,,,103,72,21,,45,,101,,,170,,,29,,,,,,,,,38,,,,,,293,,,77,,,,,26,,,,,92,,,,,,,,,,,,,,,,,178,208,103,169,76,224,,397,52,,,,,,,,,,,,,,,219,70,229,332,233,207,294,112,,90,260,21,,1225,,,,325,,,,,,,,,,,,,,63,25,,,,,,,,20,100,297,,,251,,,,,,,,,,,,,,,,,,,,,,,,192,,,33,35,132,51,215,321,,,37,,134,37,157,,,18,74,128,125,,3,219,108,,165,28,123,699,5,112,3,46,,130,,928,200,270,109,,88,,,,,,,,,,,,,,,,,,,,,,,337,,25,399,,78,,60,272,50,76,174,30,1,84,146,167,,,,,240,,162,,55,,,,,,,,,,,,,,,,,,,,,,,,,,,,,,,,,,74,220,,166,,90,501,24,162,262,,193,130,46,,293,,411,202,,,40,,,,427,,,292,,116,,,,135,
2026-04-16T15:00:01+00:00,89,203,,133,398,,,64,181,255,,109,185,,,68,,,,831,167,423,218,387,,,89,,,92,757,,47,28,146,,187,,,118,,,,,20,,,,,86,,310,,,,,,11,,,,,40,87,,,,,,82,,,192,,,,225,,,,,,,,,,406,39,64,287,93,98,238,36,214,,200,104,503,28,,80,136,160,245,713,61,442,,99,319,1,,506,26,,133,22,,,,,,,,,,,,,,,75,,,,,416,,,,,103,149,,,,,,,,,,,,,,,,,271,521,245,11,,,692,308,,243,194,,,,,,,,,,,,,,,,,,,,,,,,,,,,,,,,,,,,,,,,,,,,,,,,,,,,,,,,,,,,,65,,207,17,40,69,,,,,,,,,,139,,,,,,,76,22,,46,,102,,,,,,,,,,,,,,,51,,,,,,298,,6,75,134,,,,,,,,,90,,,,,49,,,,,66,,,,,,,,214,104,172,78,225,,396,,,,,,,,,,,,,,,,221,71,228,327,238,211,281,111,,91,257,19,,1227,,,,327,,130,,,,,,,,44,,,181,58,22,7,,,,,,,,99,299,,,256,,,,,,,,,,,,,,,,,,,,,,,,188,,22,30,37,133,49,216,329,,,,209,143,39,153,,,17,73,131,,107,0,229,111,172,169,31,124,702,8,114,,52,,126,,929,198,,110,172,83,,,,,,,,,,,,,,,,,,,,,,,335,,22,392,53,,,,,,,,,,,,,,,,,,,,,,,,,,,,,,,,,,,,,,,,,,,,,,,,,,,,,,,72,214,25,,199,,499,27,164,263,,,,41,41,292,101,410,203,,,39,,,,428,,,289,,112,,,,129,
2026-04-16T15:05:02+00:00,92,206,,,404,13,,60,182,250,,112,189,,,70,,,,833,,419,,385,237,,88,,,95,764,24,52,30,145,,188,,,,143,,118,,21,,,,,88,,,37,,,26,33,,,,177,9,39,91,,229,75,26,,,,,197,39,,151,226,224,62,156,109,95,167,,,,410,32,,295,100,106,246,38,213,,201,115,505,30,115,89,129,165,247,714,,446,203,100,344,,155,519,,,136,26,,,,,,,,,,,,,,,,,,,,,,,,,,,,,,,,,,,,,,,,,,187,280,522,252,5,,,,309,312,241,195,412,451,890,306,127,93,136,,225,231,376,,74,,,44,123,,,411,,,243,92,,,,,284,338,,901,889,,,,,223,,,,,209,205,139,86,181,,,,,,,,,,,118,,,,,199,17,39,71,,,,,,,,354,,141,,,,,,102,77,,,45,,104,,,173,,,,,,,,,,,,47,,,,,,,,5,74,,,,,30,,,,,93,,,,,50,,,,,,,,,,,131,188,223,107,170,87,,,397,,,,,,,,,,,,,,,,219,65,231,339,240,221,272,113,,95,263,22,,1228,,,,325,,131,,,,,,,,,,,179,59,24,9,,,,443,,,,97,300,,,255,,,,,,,,,,,,3,,,,,,,,,,,,192,93,24,,33,134,51,222,328,,,,,147,,157,,,,,132,124,106,,232,112,173,173,30,,705,11,113,4,55,,,69,921,206,272,,175,80,,,,,,,,,,,,,,,,,,,,,,,341,164,21,384,,83,,,,,,,,,,,,,,,,,,,,,,,,,,,,,,,,,,,,,,,,,,,,,,,,,,,,,,68,209,21,170,201,88,497,,158,,92,,,37,42,289,104,414,205,,,,,,,464,,,282,,115,,,,136,
2026-04-16T15:10:02+00:00,93,208,,,406,12,,59,187,,,104,190,,,73,,,,852,166,420,219,386,,,87,,,94,769,,57,33,146,,190,,4,120,144,,115,,23,,,,,85,,,38,,,24,,10,,,,,33,90,,,76,25,,81,,,201,,,,231,,,,,,,,,,411,29,62,298,98,111,253,37,,284,206,118,506,31,,94,132,176,248,711,62,,205,101,348,7,157,530,,,138,24,,,,,,,,,,,,,,,71,,,,,427,,,,,104,154,,,,,,,,,,,,,,,,186,288,528,259,11,,,690,308,309,236,193,,,,,,,,,,,,,,,,,,,,,,,,,,,,,,,,,,,,,,,,,,,,,,,,,,,,,,,,,,,,,67,,200,17,41,72,,,,,,,,353,,143,,,,,,103,78,,,,,105,,,,,,,,,,,,,,,49,,,,,,301,,6,72,135,,,,33,,,,,98,,,,,,,,,,67,,,,,,,192,231,106,,91,230,,399,,,,,,,,,,,,,,,,223,68,229,342,242,226,274,,,97,,20,,1233,,,,327,,,,,,,,,,45,,,182,60,19,,,,,444,,,,96,,,,253,,,,,,,,,,,,4,,,,,,,,,,,,,95,26,28,37,,52,227,332,207,,,216,150,43,154,,,,,133,134,103,6,238,110,177,178,28,126,715,,114,5,67,,134,70,925,199,273,,176,,,,,,,,,,,,,,,,,,,,,,,,,166,19,394,,86,,64,267,56,78,170,32,,93,152,175,212,,257,28,259,,,,58,,,,,,,,,,,,,,,,,,,,,,,,,,,,,,,,,,67,210,22,169,200,89,499,29,156,262,,,129,38,40,290,101,415,208,,,,,,,,116,,276,,116,,,,127,
2026-04-16T15:15:01+00:00,94,203,,132,418,10,,61,185,251,,115,186,,,74,,,,866,,422,224,,232,,86,,,,774,25,60,,144,,192,,5,,,,112,,25,,,,,81,,311,39,,,23,34,,,,,8,30,94,,,75,24,,,,,205,38,,149,234,230,57,155,,96,165,,,,,,,,,,,,,,,,,,,,,,,,,,,,,,,,,,,,,,,,,,,,,,,,,,,,,,,,,,,,,,,,,,,,,,,,,,,,,,299,530,263,14,,,700,,318,243,200,413,462,898,302,133,120,142,123,226,235,383,65,73,,91,55,125,,,,,,248,87,,,,,294,,,,907,,,,,224,,,,,211,218,143,89,186,,,,,,,,,,,113,,,69,,198,17,45,73,,,,,,,,355,,,,,,,,102,83,,,,,108,,,,,,25,,,,,,,,,,,,,,,307,,7,75,,,,,40,,,,,101,,,,,48,,,,,,,,,,,130,195,235,105,175,93,235,,385,49,13,,,,,,,,,,,,,,226,72,232,,246,231,,112,,102,273,21,,1231,,,,,,,,,,,,,,,,,,58,23,7,,,,,,,19,100,301,,,255,,,,,,,,,,,,6,,,,,,,,,,,,196,,25,,,,53,,338,217,,,219,151,44,152,,,,,134,129,,,239,111,179,180,33,,723,14,112,6,,,,,,,,,,,,,,,,,,,,,,,,,,,,,,,,,347,168,31,393,46,91,,,,,,,,,,,,,,,,,,,,,,,,,,,,,,,,,,,,,,,,,,,,,,,,,,,,,,65,209,24,162,199,88,,36,159,263,,191,130,34,39,,98,416,,,,,,,,465,,,274,,118,,,,,
2026-04-16T15:20:01+00:00,,206,55,,424,9,,60,191,,,110,188,,,75,,,,865,165,425,231,,236,,88,,,,780,,,32,,,191,,,122,143,,110,,26,,,,,83,,,37,,,25,32,,,,178,,31,100,,230,,25,,,,,,39,,148,236,227,62,160,114,,167,,,,412,34,63,299,102,114,255,,214,,208,127,509,30,,96,126,169,249,710,,453,210,,363,13,163,538,,,,25,,,,,,,,,,,,,,,68,,,,,435,,,,,,160,,,,,,,,,,,,,,,,187,307,535,265,9,,,717,305,323,245,202,,,,,,,,,,,,,,,,,,,,,,,,,,,,,,,,,,,,,,,,,,,,,,,,,,,,,,,,,,,,,,,207,17,47,76,,,,,,,,360,,145,,,,,,105,88,21,,46,,111,,,174,,,27,,,,,,,,,,,,,,,314,,6,71,139,,,,35,,,,,102,,,,,51,,,,,68,,,,,,131,200,239,,178,,239,,389,51,14,,,,,,,,,,,,,,232,73,241,347,256,243,281,118,,109,275,23,,,,,,334,,,,,,,,,,,,,179,59,,,,,,,,,,96,302,,,257,,,,,,,,,,,,5,,,,,,,,,,,,197,94,23,32,38,135,55,236,343,219,,,,,45,157,,,18,80,135,,104,10,244,113,180,187,,128,738,,,5,72,,143,,921,198,275,111,177,78,,,,,,,,,,,,,,,,,,,,,,,360,,33,399,47,92,,,,,,,,,,,,,,,,,,,,,,,,,,,,,,,,,,,,,,,,,,,,,,,,,,,,,,66,204,23,169,197,87,498,38,161,264,91,192,,32,38,292,99,418,,,,,,,,467,,,273,,,,,,137,
2026-04-16T15:25:01+00:00,96,208,,134,427,10,,67,194,,,115,190,,,,,,,871,167,,237,381,232,,89,,,,778,26,,,145,,,,4,120,145,,107,,28,,,,,79,,316,,,,27,35,,,,,7,32,101,,,74,29,,,,,207,40,,145,230,,,,,,,,,,415,29,57,300,111,117,263,39,,283,,141,512,33,114,103,,174,250,705,63,456,215,,387,22,164,545,,,,29,,,,,,,,,,,,,,,,,,,,,,,,,,,,,,,,,,,,,,,,,,186,321,538,263,6,,,721,307,320,237,206,415,472,917,309,137,131,147,127,229,237,384,81,95,,96,63,129,,,416,,,258,,,,,,293,344,,918,949,30,,,,228,,,,,213,238,139,84,197,,,,,,,,,,,122,,,67,,210,17,51,77,,,,,,,,362,,146,,,,,,,91,,,,,113,,,,,,29,,,,,,,,,50,,,,,,324,,9,,,,,,36,,,,,101,,,,,49,,,,,67,,,,,,,216,241,,,95,245,,393,53,,,,,,,,,,,,,,,234,75,247,357,257,245,279,116,,,278,22,,1229,,,,333,,,,,,,,,,46,,,180,58,25,8,,,,443,,,18,,301,,,253,,,,,,,,,,,,7,,,,,,,,,,,,199,97,22,33,,,,244,349,216,,,217,149,44,158,,,,79,137,127,108,11,246,117,178,188,36,130,743,,116,4,78,,154,71,918,196,270,108,182,82,,,,,,,,,,,,,,,,,,,,,,,373,169,45,405,45,96,32,68,255,59,80,169,33,5,94,144,181,207,,249,27,264,,168,211,,,,,,,,,,,,,,,,,,,,,,,,,,,,,,,,,,,67,202,24,173,199,90,,42,163,262,92,,132,31,36,293,100,422,209,,,,,,,473,,,278,,119,,,,130,
2026-04-16T15:30:01+00:00,,207,53,,437,,,63,192,248,,,191,,,70,,,,873,165,429,242,384,228,,,,,92,,,,31,,,194,,,115,146,,,,,,,,,73,,315,38,,,23,,11,,,,,34,103,,,73,30,,,,,209,,,,228,224,59,166,117,100,163,,,,,,,,,,,,,,,,,,,,,,,,,,,,,,,,,,,,,,,,,,,,,,,,,,73,,,,,444,,,,,109,167,,,,,,,,,,,,,,,,188,330,536,273,,,,728,,328,,213,,,,,,,,,,,,,,,,,,,,,,,,,,,,,,,,,,,,,,,,,,,,,,,,,,,,,,,,,,,,,71,,211,17,48,75,,,,,,,,365,,154,,,,,,,90,,,,,114,,,,,,30,,,,,,,,,,,,,,,329,,8,74,,,,,38,,,,,102,,,,,50,,,,,,,,,,,,217,248,107,183,,,,396,56,,,,,,,,,,,,,,,230,89,256,358,260,252,268,117,,110,270,16,,1223,,,,334,,,,,,,,,,,,,177,,23,9,,,,445,,,19,95,300,,,252,,,,,,,,,,,,9,,,,,,,,,,,,196,99,,35,36,,56,248,355,210,,,216,154,42,,,,17,,138,,113,12,248,119,,193,40,132,750,15,115,5,,,,,,,,,,,,,,,,,,,,,,,,,,,,,,,,,377,171,46,415,49,97,30,69,252,60,75,168,,0,95,146,180,208,,251,,265,,171,207,59,,,,,,,,,,,,,,,,,,,,,,,,,,,,,,,,,,66,197,25,182,200,,,44,165,264,91,191,134,33,38,290,99,421,,,,,,,,475,,,277,,,,,,126,
2026-04-16T15:35:02+00:00,97,209,50,,442,11,,58,190,245,,119,197,,,,,,,888,166,430,245,,233,,,,,91,779,,62,,149,,193,,5,113,145,,,,,,,,,,,316,,,,24,36,12,,,179,,30,102,,,75,,,82,,,212,,,,226,,,,,,,,,,416,28,59,303,112,120,264,37,,286,210,145,514,34,113,107,124,189,,700,,458,212,,393,19,165,548,,,,31,,,,,,,,,,,,,,,,,,,,,,,,,,,,,,,,,,,,,,,,,,186,336,537,277,9,,,726,310,338,241,209,416,474,921,311,136,133,,126,,238,376,86,99,,92,69,,1,,417,,,257,90,,,,,288,345,,946,987,31,,,,231,,,,,211,247,136,86,199,,,,,,,,,,,113,,,67,,206,17,,77,,,,,,,,368,,159,,,,,,,89,,,47,,116,,,,,,29,,,,,,,,,53,,,,,,330,,10,73,,,,,,,,,,103,,,,,51,,,,,,,,,,,132,214,255,108,184,96,,,395,52,,,,,,,,,,,,,,,236,98,261,372,261,258,271,118,,109,271,22,,1217,,,,339,,,,,,,,,,,,,172,57,22,11,,,,448,,,,90,,,,251,,,,,,,,,,,,12,,,,,,,,,,,,195,98,20,37,32,,55,251,359,204,,,214,153,43,157,,,,77,141,128,,13,249,124,185,196,,,755,,117,6,81,,158,73,928,200,266,104,184,75,,,,,,,,,,,,,,,,,,,,,,,378,175,44,411,48,113,,,,,,,,,,,,,,,,,,,,,,,,,,,,,,,,,,,,,,,,,,,,,,,,,,,,,,61,196,22,176,201,89,500,,167,266,90,190,,,36,295,100,423,212,,,,,,,479,,,,,126,,,,,
2026-04-16T15:40:01+00:00,98,210,46,,440,8,,56,188,242,,,199,,,69,,,,896,164,431,252,382,229,,90,,,,790,,61,,148,,194,,4,,147,,104,,29,,,,,71,,,39,,,22,37,,,,180,9,,110,87,,76,27,,83,,,215,,,,223,228,72,173,120,96,171,,,,420,25,43,308,113,129,271,36,,288,212,148,,37,110,115,129,194,,694,61,460,211,102,429,14,,550,,,142,,,,,,,,,,,,,,,,61,,,,,465,,,,,115,169,,,,,,,,,,,,,,,,188,341,541,278,5,,,730,309,331,,214,,,,,,,,,,,,,,,,,,,,,,,,,,,,,,,,,,,,,,,,,,,,,,,,,,,,,,,,,,,,,65,,202,16,45,78,,,,,,,,373,,160,,,,,,104,87,,,48,,115,,,,,,,,,,,,,,,51,,,,,,333,,11,,,,,,41,,,,,104,,,,,52,,,,,66,,,,,,133,223,257,109,,100,246,,398,53,,,,,,,,,,,,,,,243,105,264,385,263,261,266,119,,114,282,,,1211,,,,,,130,,,,,,,,,,,176,56,,10,,,,,,,18,80,,,,250,,,,,,,,,,,,16,,,,,,,,,,,,193,100,21,,37,,,255,355,206,26,,217,,45,161,,,,78,143,132,116,16,252,128,184,197,38,131,764,,123,8,,,,,,,,,,,,,,,,,,,,,,,,,,,,,,,,,385,181,50,402,,115,28,76,251,67,74,165,34,,87,137,188,,,248,26,276,,,202,53,,,,,,,,,,,,,,,,,,,,,,,,,,,,,,,,,,63,,,,202,86,503,47,172,,,185,,30,,300,103,,214,,,,,,,476,,,,,129,,,,125,
2026-04-16T15:45:01+00:00,102,216,44,,437,,,,187,243,,122,202,,,68,,,,907,166,433,258,381,227,,88,,,90,795,,68,35,149,,195,,6,,151,,,,,,,,,69,,,41,,,,36,13,,,181,10,31,112,,229,78,30,,84,,,,,,144,226,,,,,,,,,,,,,,,,,,,,,,,,,,,,,,,,,,,,,,,,,,,,,,,,,,,,,,,,,,,,,,,,,,,,,,,,,,,,,,,,,,,182,348,543,280,7,,,726,,343,239,221,418,476,945,315,138,137,149,,233,241,,83,,,97,72,128,,,416,,,258,87,,,,,289,,,945,999,32,,,,,,,,,204,254,137,90,193,,,,,,,,,,,112,,,,,205,16,46,80,,,,,,,,,,165,,,,,,106,86,,,50,,116,,,173,,,31,,,,,,,,,65,,,,,,331,,9,72,,,,,44,,,,,108,,,,,54,,,,,67,,,,,,,232,264,113,177,101,252,,401,51,,,,,,,,,,,,,,,254,109,269,395,265,264,267,122,,120,278,21,,1214,,,,338,,129,,,,,,,,47,,,178,,,,,,,447,,,17,82,304,,,242,,,,,,,,,,,,,,,,,,,,,,,,194,,,,40,,57,258,364,204,,,215,,,160,,,,80,145,,119,,253,131,181,196,39,,766,,124,10,,,161,72,932,205,,,186,83,,,,,,,,,,,,,,,,,,,,,,,392,183,53,408,47,120,,77,249,69,76,,32,,88,138,190,206,,245,,279,,173,204,52,,,,,,,,,,,,,,,,,,,,,,,,,,,,,,,,464,,60,197,21,186,203,88,502,55,177,268,,186,,24,,299,105,426,213,,,,,,,479,,,283,,,,,,112,
2026-04-16T15:50:01+00:00,99,211,43,,436,10,,53,191,244,,123,194,,,65,,,,922,163,439,262,,230,,87,,,,801,27,66,32,147,,194,,,115,,,103,,30,,,,,,,313,,,,19,38,12,,,182,9,30,108,,,79,,,85,,,,41,,,223,227,76,176,121,99,177,,,,422,20,,312,116,131,273,32,,287,,158,517,42,108,119,131,203,251,687,,470,213,103,441,16,162,557,,,,34,,,,,,,,,,,,,,,56,,,,,,,,,,116,172,,,,,,,,,,,,,,,,180,354,541,287,5,,,727,311,346,236,218,,,,,,,,,,,,,,,,,,,,,,,,,,,,,,,,,,,,,,,,,,,,,,,,,,,,,,,,,,,,,68,,197,17,48,,,,,,,,,375,,167,,,,,,105,82,,,,,,,,174,,,30,,,,,,,,,60,,,,,,337,,10,,138,,,,50,,,,,,,,,,53,,,,,,,,,,,135,228,267,,178,104,254,,398,49,13,,,,,,,,,,,,,,249,,272,405,,267,265,,,118,276,23,,1205,,,,,,127,,,,,,,,,,,182,52,19,8,,,,,,,16,78,302,,,,,,,,,,,,,,,14,,,,,,,,,,,,190,101,23,,37,137,,263,368,213,,,232,156,48,159,,,,,146,,124,18,,134,179,197,41,,771,14,125,14,77,,163,,936,,269,103,187,,,,,,,,,,,,,,,,,,,,,,,,402,185,48,,,127,,,,,,,,,,,,,,,,,,,,,,,,,,,,,,,,,,,,,,,,,,,,,,,,,,,,,,57,181,19,,204,,501,51,181,,91,184,,,,308,103,430,215,,,40,,,,482,118,,284,,128,,,,,
2026-04-16T15:55:01+00:00,,210,41,135,,,,48,192,243,,122,198,,,,,,,943,166,440,269,,226,,,,,89,806,,61,,,,,,,114,150,,101,,31,,,,,67,,312,42,,,16,35,,,,181,,23,107,,,78,28,21,84,,,219,40,,146,220,226,87,179,,102,182,,197,,427,16,39,315,105,128,283,33,212,293,,167,518,43,107,122,133,198,,671,60,481,216,104,479,8,164,570,,,,,,,,,,,,,,,,,,,57,,,,,474,,,,,,173,,,,,,,,,,,,,,,,178,,538,289,7,,,720,310,353,237,226,460,475,954,379,139,138,179,129,296,280,425,147,95,,105,70,142,0,,419,,,257,84,,,,,295,346,,955,1026,,,,,233,,,,,,257,143,87,185,,,,,,,,,,,108,,,67,,,17,45,,,,,,,,,,,168,,,,,,103,,,,51,,,,,172,,,31,,,,,,,,,64,,,,,,333,,11,75,135,,,,53,,,,,110,,,,,,,,,,66,,,,,,134,242,268,106,185,105,258,,392,47,,,,,,,,,,,,,,,256,,281,415,267,275,264,123,,123,275,21,,1196,,,,,,126,,,,,,,,,,,175,45,20,10,,,,,,,,72,300,,,,,,,,,,,,,,,13,,,,,,,,,,,,193,102,25,40,38,138,59,269,366,220,28,,231,153,,155,,,,,,,126,17,251,137,181,200,40,,772,15,126,,78,,167,,947,207,266,102,188,84,,,,,,,,,,,,,,,,,,,,,,,411,187,54,423,,124,26,82,247,67,78,168,30,,74,,189,205,,243,,287,,176,199,50,,,,,,,,,,,,,,,,,,,,,,,,,,,,,,,,,,56,182,22,184,,88,499,55,183,270,,182,132,25,,,,433,217,,,42,,,,,,,275,,129,,,,102,
2026-04-16T16:00:01+00:00,106,207,38,,435,6,,45,193,241,,121,,,,285,,,,957,167,,278,378,222,,84,,,90,811,28,57,31,145,,,,,115,151,,99,,,,,,,71,,310,41,,,10,39,13,,,182,10,21,104,,,,,,,,,220,41,,148,,,,,,,,,,,,,,,,,,,,,,,,,,,,,,,,,,,,,,,,,,,,,,,,,,,,,,,,,,,,,,,,,,,,,,,,,,,,,,,,,,,,177,359,540,288,6,,,712,311,360,229,240,,,,,,,,,,,,,,,,,,,,,,,,,,,,,,,,,,,,,,,,,,,,,,,,,,,,,,,,,,,,,69,,200,17,41,77,,,,,,,,378,,171,,,,,,105,84,22,,50,,117,,,171,,,34,,,,,,,,,75,,,,,,345,,12,,136,,,,59,,,,,109,,,,,52,,,,,67,,,,,,,243,271,102,,110,268,,397,45,,,,,,,,,,,,,,,262,108,283,416,268,,254,,,129,278,24,,1175,,,,,,,,,,,,,,,,,170,43,,,,,,,,,15,,301,,,237,,,,,,,,,,,,11,,,,,,,,,,,,197,104,26,39,39,,,277,368,221,30,,233,151,,160,,,,,143,135,125,19,253,136,182,,44,132,773,,,,77,,163,,940,216,269,,,76,,,,,,,,,,,,,,,,,,,,,,,415,185,55,,50,126,25,81,244,,77,,29,,69,130,187,,,236,,289,,178,198,52,,,,,,,,,,,,,,,,,,,,,,,,,,,,,,,,,,55,176,23,179,209,,497,69,184,,93,181,130,23,,312,104,431,,,,41,,,,483,,,280,,134,,,,105,
2026-04-16T16:05:01+00:00,107,199,36,,442,13,,44,186,237,,123,197,,,283,,,,965,,439,280,372,226,,83,,,,812,,60,,,,195,,,,,,,,33,,,,,79,,308,40,,,6,38,,,,,,19,135,,,77,29,,82,,,218,39,,,,228,84,180,118,100,187,,198,,429,11,30,320,101,130,284,32,214,,,172,521,42,106,124,138,196,,670,62,495,213,,480,11,163,573,,,,35,,,,,,,,,,,,,,,58,,,,,484,,,,,114,,,,,,,,,,,,,,,,,175,357,541,289,7,,,713,309,364,225,242,462,478,964,363,138,129,176,130,300,,426,145,93,,100,62,154,,,409,,,255,79,,,,,304,,,977,1070,34,,,,240,,,,,219,267,158,85,181,,,,,,,,,,,125,,,70,,198,17,40,74,,,,,,,,384,,173,,,,,,108,,24,,52,,118,,,,,,37,,,,,,,,,77,,,,,,348,,13,78,,,,,62,,,,,113,,,,,51,,,,,,,,,,,133,255,278,106,193,113,272,,400,41,,,,,,,,,,,,,,,271,111,,421,,277,249,124,,131,281,22,,1154,,,,,,,,,,,,,,,,,165,,16,,,,,,,,14,68,300,,,233,,,,,,,,,,,,8,,,,,,,,,,,,200,105,,40,,,,280,371,220,33,,231,143,47,159,,,,81,144,130,127,21,,137,186,,43,,775,14,124,,76,,166,,949,217,265,100,,67,,,,,,,,,,,,,,,,,,,,,,,424,188,61,428,48,130,,,,,,,,,,,,,,,,,,,,,,,,,,,,,,,,,,,,,,,,,,,,,,,,,,,,,,54,172,19,183,208,,,,193,272,94,,131,20,38,311,107,430,213,,,,,,,480,,,276,,139,,,,95,
2026-04-16T16:10:01+00:00,,193,35,,452,12,,33,184,232,,124,204,,,281,,,,968,,,285,,230,,79,,,89,814,,58,27,142,,199,,,114,150,,,,,,,,,78,,,,,,7,37,14,,,184,9,16,132,,,76,28,22,83,,,,,,149,219,,,,,,,,,,430,9,35,325,94,132,282,27,213,286,,168,522,40,104,128,143,181,,647,60,497,211,103,496,14,167,578,,,143,25,,,,,,,,,,,,,,,,,,,,,,,,,,,,,,,,,,,,,,,,,,178,361,542,285,14,,,714,311,377,224,250,,,,,,,,,,,,,,,,,,,,,,,,,,,,,,,,,,,,,,,,,,,,,,,,,,,,,,,,,,,,,75,,193,17,39,72,,,,,,,,388,,174,,,,,,109,85,22,,54,,119,,,,,,,,,,,,,,,74,,,,,,347,,14,79,,,,,63,,,,,115,,,,,,,,,,66,,,,,,,264,279,103,195,112,273,,399,37,,,,,,,,,,,,,,,276,128,295,436,274,281,241,,,143,283,27,,1134,,,,337,,,,,,,,,,,,,163,39,17,,,,,448,,,13,63,,,,225,,,,,,,,,,,,9,,,,,,,,,,,,,107,27,41,44,140,60,293,367,237,,,232,,,160,,,,82,142,,131,22,255,140,181,,46,133,779,17,125,15,75,,171,,,212,264,98,189,71,,,,,,,,,,,,,,,,,,,,,,,429,192,64,432,47,133,,,,,,,,,,,,,,,,,,,,,,,,,,,,,,,,,,,,,,,,,,,,,,,,,,,,,,82,174,15,180,212,91,500,75,197,274,,,,,37,310,110,432,,,,42,,,,481,,,286,,138,,,,87,
2026-04-16T16:15:01+00:00,109,189,34,,457,13,,29,190,226,,127,217,,,282,,,,979,,444,295,369,233,,77,,,91,819,,56,26,,,200,,,113,152,,,,,,,,,82,,313,42,,,2,42,,,,,,9,130,,,80,,,85,,,229,38,,147,215,225,96,174,117,106,184,,,,431,13,19,328,92,135,285,29,212,278,,,,39,101,130,151,191,,635,63,503,209,,504,12,170,577,,,,23,,,,,,,,,,,,,,,46,,,,,480,,,,,120,,,,,,,,,,,,,,,,,162,,543,282,15,,,702,313,376,223,259,,476,962,341,144,140,169,133,302,275,,,,,,,,,,,,,,,,,,,,,,,,,,,,,,,,,,,,,,,,,,,,,,,,,,,,,197,17,42,73,,,,,,,,390,,,,,,,,,87,24,,53,,121,,,172,,,,,,,,,,,,73,,,,,,351,,16,82,,,,,72,,,,,116,,,,,52,,,,,67,,,,,,,272,284,106,200,118,278,,396,34,,,,,,,,,,,,,,,283,141,299,443,277,287,238,,,144,285,31,,1107,,,,336,,127,,,,,,,,,,,164,34,20,7,,,,,,,,56,301,,,222,,,,,,,,,,,,,,,,,,,,,,,,207,108,,43,47,141,61,297,376,245,,,240,144,,164,,,,,143,137,,23,258,141,180,,51,135,784,,128,16,79,,181,,970,217,265,92,191,,,,,,,,,,,,,,,,,,,,,,,,435,195,74,448,48,136,23,84,241,73,69,167,27,,52,115,182,202,,233,25,286,,182,166,47,,,,,,,,,,,,,,,,,,,,,,,,,,,,,,,,,,79,175,17,182,211,90,498,82,200,276,90,182,132,21,36,311,115,,215,,,,,,,468,119,,292,,141,,,,88,
2026-04-16T16:20:02+00:00,111,187,32,136,467,12,,23,,,,130,225,,,281,,,,995,,448,309,368,236,,,,,,828,,,23,,,203,,,114,149,,98,,35,,,,,79,,314,,,,4,44,,,,,,,123,,,81,,,,,,,,,,212,,,,,,,,,,,,,,,,,,,,,,,,,,,,,,,,,,,,,,,,,,,,,,,,,,,,,,,,,,,,,,,,,,,,,,,,,,,,,,,,,,,161,364,546,,18,,,695,316,382,229,262,,,,,,,,,,,,,100,,102,59,150,,,,,,252,71,,,,,309,,,979,1084,35,,,,243,,,,,217,268,157,92,185,,,,,,,,,,,128,,,80,,193,17,48,71,,,,,,,,393,,173,,,,,,,91,23,,54,,123,,,,,,38,,,,,,,,,82,,,,,,358,,17,85,137,,,,78,,,,,113,,,,,53,,,,,,,,,,,132,276,287,105,205,121,,,397,33,,,,,,,,,,,,,,,288,148,301,450,279,288,234,123,,149,293,29,,1088,,,,338,,,,,,,,,,,,,161,41,16,10,,,,447,,,14,59,,,,221,,,,,,,,,,,,,,,,,,,,,,,,211,,29,45,,,60,303,378,247,,36,245,145,,,,,,,142,138,133,25,260,143,,,52,132,793,16,130,,81,,183,74,974,219,264,89,193,75,,,,,,,,,,,,,,,,,,,,,,,449,194,80,451,,142,,,,,,,,,,,,,,,,,,,,,,,,,,,,,,,,,,,,,,,,,,,,,,,,,,,,,,,,13,186,212,91,,77,204,277,85,184,134,20,,310,119,434,217,,,43,,,,473,,,290,,143,,,,93,
2026-04-16T16:25:01+00:00,112,183,25,,473,8,,,193,217,,127,216,,,279,,,,1015,166,446,313,369,240,,75,,,88,837,29,60,,140,,204,,,116,150,,103,,,,,,,85,,320,,,,0,43,,,,,,,,,,80,,,,,,232,,,,213,226,101,181,113,109,189,,,,,18,5,334,81,,284,,,271,,180,521,41,102,133,152,193,,620,,507,216,,514,10,176,579,,,,25,,,,,,,,,,,,,,,44,,,,,479,,,,,121,176,,,,,,,,,,,,,,,,164,360,547,,23,,,,,392,226,272,464,479,966,333,146,139,168,134,303,276,425,152,,,,,,,,,,,,,,,,,,,,,,,,,,,,,,,,,,,,,,,,,,,,,,,,,82,,195,17,50,72,,,,,,,,395,,172,,,,,,,92,,,52,,125,,,,,,,,,,,,,,,78,,,,,,362,,,86,,,,,77,,,,,115,,,,,,,,,,,,,,,,,293,285,106,208,123,283,,398,30,,,,,,,,,,,,,,,289,152,308,453,284,294,228,124,,152,294,30,,1060,,,,339,,,,,,,,,,46,,,158,37,21,,,,,446,,,,56,,,,217,,,,,,,,,,,,8,,,,,,,,,,,,213,112,28,,48,,61,307,385,241,34,35,249,147,,160,,,,84,140,,145,,263,,182,,57,,797,,129,,,,,,,,,,,,,,,,,,,,,,,,,,,,,,,,,,462,196,91,461,,141,,,,,,,,,,,,,,,,,,,,,,,,,,,,,,,,,,,,,,,,,,,,,,,,,,,,,,75,167,7,189,210,94,497,76,206,280,86,,133,16,38,305,,436,,,,42,,,,474,,,286,,,,,,87,
2026-04-16T16:30:01+00:00,109,181,22,,,7,,28,194,211,,126,221,,,277,,,,1027,167,444,320,366,249,,,,,86,846,28,61,24,139,,206,,,114,151,,100,,,,,,,91,,323,43,,,,44,,,,,8,5,112,,,79,29,,,,,234,,,152,207,,,,,,,,,,433,22,,338,68,134,291,28,211,259,213,185,522,43,98,125,151,201,,579,58,510,181,102,536,5,179,604,,,,23,,,,,,,,,,,,,,,,,,,,,,,,,,,,,,,,,,,,,,,,,,168,368,,281,24,,,691,317,403,222,277,,,,,,,,,,,,,96,,,61,148,1,,412,,,,63,,,,,298,352,,1015,1124,38,,,,246,,,,,226,292,158,99,174,,,,,,,,,,,135,,,81,,191,17,55,75,,,,,,,,396,,,,,,,,110,94,24,,54,,126,,,174,,,39,,,,,,,,,79,,,,,,361,,,85,,,,,,,,,,,,,,,,,,,,65,,,,,,,,287,104,211,122,288,,401,26,,,,,,,,,,,,,,,295,159,318,454,288,296,232,127,,153,298,28,,1024,,,,341,,128,,,,,,,,,,,154,38,16,11,,,,,,,12,53,299,,,211,,,,,,,,,,,,5,,,,,,,,,,,,211,113,,47,50,,64,303,388,238,,,248,149,,159,,,,,142,140,144,27,264,,,,55,133,801,15,130,17,79,,184,,973,220,,,,68,,,,,,,,,,,,,,,,,,,,,,,480,193,96,452,47,143,,94,239,75,71,,26,,33,98,179,204,,222,26,291,,180,153,38,,,,,,,,,,,,,,,,,,,,,,,,,,,,,,,,,,70,165,3,191,,93,,78,207,,85,183,130,14,39,299,116,438,,,,41,,,,475,,,284,,144,,,,86,
2026-04-16T16:35:01+00:00,,174,18,,477,8,,41,193,206,,,229,,,275,,,,1034,,446,323,362,246,,74,,,,850,,59,25,137,,,,,,155,,101,,,,,,,92,,324,,,,,,,,,,9,,110,,230,,30,23,,,,239,37,,153,205,228,114,186,116,113,184,,,,,14,1,340,57,135,299,26,209,241,,180,523,,95,127,156,206,,550,54,513,179,101,544,10,,611,,,145,21,,,,,,,,,,,,,,,56,,,,,482,,,,,133,,,,,,,,,,,,,,,,,164,372,,284,28,,,693,318,414,208,288,465,480,972,309,154,149,162,,304,286,424,153,93,,94,55,139,68,,416,,,254,60,,,,,287,349,,1030,1158,39,,,,253,,,,,222,294,,93,,,,,,,,,,,,136,,,86,,193,17,,78,,,,,,,,398,,173,,,,,,,95,,,,,127,,,173,,,40,,,,,,,,,87,,,,,,,,,,,,,,80,,,,,114,,,,,,,,,,66,,,,,,131,296,291,,207,128,293,,400,24,,,,,,,,,,,,,,,301,165,310,451,290,293,223,,,157,,27,,978,,,,,,,,,,,,,,,,,153,37,,9,,,,,,,10,51,300,,,203,,,,,,,,,,,,6,,,,,,,,,,,,201,114,,45,53,,,308,392,242,,34,250,148,,157,,,,,139,143,147,28,265,144,181,,,,802,,134,19,82,,167,,991,217,267,87,,50,,,,,,,,,,,,,,,,,,,,,,,482,196,97,454,52,135,,,,,,,,,,,,,,,,,,,,,,,,,,,,,,,,,,,,,,,,,,,,,,,,,,,,,,,166,2,190,213,91,498,80,213,282,84,,133,13,40,290,120,436,215,,,40,,,,474,,,282,,147,,,,87,
2026-04-16T16:40:01+00:00,115,165,14,,481,9,,44,198,202,,123,228,,,,,,,1037,,447,332,,,,,,,,858,,64,27,134,,207,,,115,154,,102,,37,,,,,86,,322,,,,2,45,13,,,,8,4,107,,,77,27,,,,,241,,,,200,224,123,198,106,108,187,,,,,,,,,,,,,,,,,,,,,,,,,,,,,,,,,,,,,,,,,,,,,,,,,,,,,,,,,,,,,,,,,,,,,,,,,,,,,169,,545,279,,,,681,319,418,204,292,,,,,,,,,,,,,,,,,,,,,,,,,,,,,,,,,,,,,,,,,,,,,,,,,,,,,,,,,,,,,,,,,,,,,,,,,,,,,,,,,,,,,,,,,,,,,,,,,,,,,,,90,,,,,,363,,16,,139,,,,87,,,,,115,,,,,54,,,,,,,,,,,,,,,,,,,,,,,,,,,,,,,,,,,306,175,314,462,291,299,221,,,160,297,,,929,,,,,,,,,,,,,,,,,,,,,,,,,,,,,,,,,,,,,,,,,,,,,,,,,,,,,,,,,,,,,,,,,,,,,,,,,,,,,,,,,,,,,,,,,,,,,,,,,,,,,,,,,,,,,,,,,,,,,,,,,,,,,,,,,,,,,,,,,,,,,,,,,,,,,,,,,,,,,,,,,,,,,,,,,,,,,,,,,,,,,67,160,-100,185,215,,496,81,216,280,83,180,135,,39,292,122,,213,,,42,,,,477,,,267,,152,,,,91,
2026-04-16T16:40:02+00:00,,,,,,,,,,,,,,,,,,,,,,,,,,,,,,,,,,,,,,,,,,,,,,,,,,,,,,,,,,,,,,,,,,,,,,,,,,,,,,,,,,,,,,,,,,,,,,,,,,,,,,,,,,,,,,,,,,,,,,,,,,,,,,,,,,,,,,,,,,,,,,,,,,,,,,,,,,,,,,,,,,,,,,,,,,,,,,,,,,,,,,,,,,,,,,,,,,,,,,,,,,,,,,,,,,,,,,,,,,,,,,,,,,,,,,,,88,,191,17,53,76,,,,,,,,404,,174,,,,,,,,,,55,,126,,,,,,41,,,,,,,,,,,,,,,,,,,,,,,,,,,,,,,,,,,,,,,,,,,,,303,295,103,205,131,295,,396,25,,,,,,,,,,,,,,,,,,,,,,,,,,,,,,,,340,,129,,,,,,,,47,,,150,38,,6,,,,,,,,49,304,,,199,,,,,,,,,,,,3,,,,,,,,,,,,200,115,29,46,54,,,309,,,,,251,147,,158,,,,85,,150,149,,266,,185,,57,132,803,13,136,,,,,,,,,,,,,,,,,,,,,,,,,,,,,,,,,,492,202,109,456,,132,,,,,,,,,,,,,,,,,,,,,,,,,,,,,,,,,,,,,,,,,,,,,,,,,,,,,,,,,,,,,,,,,,,,,,,,,,,,,,,,,,,,,,,,,
2026-04-16T16:45:02+00:00,114,160,9,,480,5,,49,203,200,,,227,,,274,,,,1052,,444,335,367,249,,75,,,88,854,29,65,,133,,210,,,118,158,,104,,,,,,,82,,319,42,,,,,,,,,,,100,,,78,29,,,,,250,36,,,198,,,,,,,,,,434,6,,346,34,139,300,21,,230,,178,525,,94,125,157,207,,535,48,516,176,,556,5,177,619,,,,17,,,,,,,,,,,,,,,46,,,,,484,,,,,,177,,,,,,,,,,,,,,,,168,370,548,281,29,,,676,322,420,201,298,,478,978,292,153,157,150,136,303,287,419,147,91,,92,52,135,66,,415,,,255,51,,,,,278,350,,1033,1172,40,,,,,,,,,228,295,156,,,,,,,,,,,,,140,,,86,,194,17,51,77,,,,,,,,402,,,,,,,,111,96,,,,,125,,,,,,40,,,,,,,,,84,,,,,,,,13,86,,,,,85,,,,,,,,,,,,,,,,,,,,,,313,,107,208,132,306,,394,29,,,,,,,,,,,,,,,309,182,317,471,292,303,222,128,,164,304,25,,877,,,,341,,,,,,,,,,48,,,146,33,,,,,,445,,,8,42,306,,,195,,,,,,,,,,,,,,,,,,,,,,,,202,116,31,47,58,,65,310,394,246,,,252,,,156,,,20,,137,146,150,26,268,142,184,,59,136,808,12,135,,81,,160,,998,214,,,194,,,,,,,,,,,,,,,,,,,,,,,,502,205,114,468,,131,18,,235,76,66,166,25,,20,97,160,199,,209,30,293,,179,145,32,,,,,,,,,,,,,,,,,,,,,,,,,,,,,,,,,,61,153,,187,216,,493,80,214,279,80,179,137,14,37,288,123,439,214,,,41,,,,476,120,,274,,,,,,,
2026-04-16T16:50:01+00:00,111,152,3,,481,8,,43,204,193,,119,219,,,275,,,,1067,,443,338,364,256,,76,,,84,863,28,68,24,,,212,,,120,159,,106,,,,,,,,,320,,,,0,,,,,,9,0,99,,,,,,,,,251,,,154,196,231,122,195,,107,185,,,,436,5,2,353,,136,312,19,207,194,,189,526,44,91,128,160,209,,490,37,501,155,102,567,15,179,632,,,,10,,,,,,,,,,,,,,,,,,,,,,,,,,,,,,,,,,,,,,,,,,163,374,,270,,,,677,325,430,200,306,,,,,,,,,,,,,,,,,,,,,,,,,,,,,,,,,,,,,,,,,,,,,,,,,,,,,,,,,,,,,85,,199,17,,78,,,,,,,,404,,175,,,,,,109,,25,,53,,,,,,,,,,,,,,,,,85,,,,,,365,,,88,,,,,,,,,,116,,,,,53,,,,,,,,,,,,316,,106,210,133,301,,392,28,,,,,,,,,,,,,,,313,185,320,480,293,305,221,129,,165,311,22,,834,,,,,,130,,,,,,,,50,,,143,,17,,,,,446,,,6,37,305,,,188,,,,,,,,,,,,2,,,,,,,,,,,,208,119,29,45,64,,64,,398,,,32,257,136,48,158,,,,84,135,145,155,27,,141,186,,60,,809,,,18,83,,159,,1008,,263,,192,42,,,,,,,,,,,,,,,,,,,,,,,509,206,115,479,,124,16,91,234,77,,164,22,2,16,95,156,,,207,,296,,,,27,,,,,,,,,,,,,,,,,,,,,,,,,,,,,,,,,,100,149,,179,218,,494,78,217,,,180,139,13,34,281,125,,212,,,,,,,477,,,272,,155,,,,93,
2026-04-16T16:55:01+00:00,112,,1,,478,4,,46,199,182,,121,220,,,276,,,,1084,,440,339,,257,,77,,,85,868,,70,20,132,,213,,,117,160,,,,,,,,,83,,324,,,,,,,,,183,,,97,,,75,,,,,,256,,,,193,,,,,,,,,,,,,,,,,,,,,,,,,,,,,,,,,,,,,,,,,,,,,,,,,,,,,,,,69,,,,,494,,,,,129,174,,,,,,,,,,,,,,,,161,371,,258,34,,,673,330,436,188,312,,479,980,265,154,160,151,137,305,288,415,133,77,,93,55,133,58,,420,,,256,47,,,,,282,354,,1058,1197,44,,,,254,,,,,,306,161,87,,,,,,,,,,,,153,,,84,,198,17,46,83,,,,,,,,405,,,,,,,,107,97,,,54,,126,,,,,,,,,,,,,,,81,,,,,,,,14,89,,,,,86,,,,,,,,,,,,,,,,,,,,,,327,297,105,212,,308,,390,27,,,,,,,,,,,,,,,312,182,321,494,,308,216,130,,168,313,,,780,,,,342,,128,,,,,,,,,,,137,35,12,4,,,,,,,4,33,302,,,177,,,,,,,,,,,,1,,,,,,,,,,,,217,121,,42,66,,63,311,402,243,,,,131,,,,,,,133,,158,28,267,143,187,,64,140,810,,,20,84,,161,,1021,210,266,,193,33,,,,,,,,,,,,,,,,,,,,,,,517,207,,481,,121,,,,,,,,,,,,,,,,,,,,,,,,,,,,,,,,,,,,,,,,,,,,,,,,,,,,,,96,139,,,220,92,493,79,,,79,181,,16,28,278,126,440,,,,,,,,482,,,277,,156,,,,89,
2026-04-16T17:00:02+00:00,,127,,,480,3,,50,206,170,,112,223,,,274,,,,1098,,443,340,,258,,,,,,872,,67,15,,,214,,,116,,,,,,,,,,75,,323,43,,,,44,14,,,,,,,,,74,27,,,,,257,35,,,186,236,127,203,99,,189,,194,,,3,,352,1,138,318,17,,170,,192,,45,89,130,,203,252,456,36,,145,,574,14,185,,,,147,7,,,,,,,,,,,,,,,65,,,,,492,,,,,134,173,,,,,,,,,,,,,,,,,375,,244,35,,,667,336,442,186,,,,,,,,,,,,,,,,,,,,,,,,,,,,,,,,,,,,,,,,,,,,,,,,,,,,,,,,,,,,,,85,,199,17,43,,,,,,,,,,,176,,,,,,109,101,26,,56,,127,,,,,,41,,,,,,,,,,,,,,,366,,9,92,138,,,,85,,,,,118,,,,,54,,,,,,,,,,,132,332,298,107,216,134,313,,,23,,,,,,,,,,,,,,,318,178,325,,294,309,211,132,,171,315,25,,738,,,,343,,127,,,,,,,,,,,,34,17,5,,,,,,,2,28,,,,167,,,,,,,,,,,,,,,,,,,,,,,,,123,,39,68,,61,310,,235,,,259,127,,156,,,,83,125,152,0,26,,,186,,,141,812,,137,,,,,73,1022,209,,83,,25,,,,,,,,,,,,,,,,,,,,,,,529,206,119,490,55,120,12,94,231,73,62,,19,0,0,86,149,193,,,,292,,174,132,13,,,,,,,,,,,,,,,,,,,,,,,,,,,,,,,,,,91,134,,175,222,,495,86,215,278,,182,141,18,25,281,127,442,208,,,42,,,,481,121,,270,,,,,,86,
2026-04-16T17:05:02+00:00,113,112,,,,6,,51,211,157,,110,,,,,,,,1107,,445,342,358,264,,,,,87,873,,71,18,131,,218,,,115,,,,,36,,,,,74,,324,,,,,47,,,,,8,,98,,,75,,,,,,259,36,,,175,,,,,,,,,,439,,2,347,,,311,,,128,,206,527,41,75,,161,212,253,401,27,502,140,,588,22,192,656,,,,,,,,,,,,,,,,,,,,,,,,,,,,,,,,,,,,,,,,,,,,,,159,,549,236,,,,665,341,450,182,316,,478,982,217,,170,143,139,308,289,400,116,79,,92,45,126,56,,419,,,257,39,,,,,272,357,,1072,1217,,,,,253,,,,,223,315,157,,,,,,,,,,,,,160,,,,,201,17,44,85,,,,,,,,407,,175,,,,,,108,104,,,57,,128,,,,,,,,,,,,,,,79,,,,,,367,,7,94,136,,,,,,,,,117,,,,,53,,,,,65,,,,,,131,342,300,109,220,138,322,,386,28,14,,,,,,,,,,,,,,317,180,330,499,293,313,,133,,172,321,30,,699,,,,342,,125,,,,,,,,48,,,131,31,16,,,,,445,,,4,25,301,,,150,,,,,,,,,,,,0,,,,,,,,,,,,218,,27,38,70,,60,307,399,228,,,261,124,46,155,,,,,117,149,,,268,144,189,,61,142,813,,138,26,86,,164,74,1039,220,269,85,194,12,,,,,,,,,,,,,,,,,,,,,,,,208,118,496,54,121,10,,230,,,165,,,1,85,145,191,,203,,294,,,122,11,,,,,,,,,,,,,,,,,,,,,,,,,,,,,,,,,,89,117,,167,226,,493,92,214,,81,180,,,,272,134,440,209,,,,,,,479,,,263,,,,,,78,
2026-04-16T17:10:02+00:00,118,90,,134,490,4,,61,,148,,105,227,,,275,,,,1112,,446,340,361,265,,,,,89,875,,70,19,132,,219,,5,118,,,,,35,,,,,,,325,,,,,48,15,3,,,,,99,,229,,26,,,,,264,,,153,171,234,137,207,94,110,187,,,,,,,,,,,,,,,,,,,,,,,,,,,,,,,,,,,,,,,,,,,,,,,,,,72,,,,,498,,,,,138,170,,,,,,,,,,,,,,,,155,,546,221,38,,,,348,456,178,321,,,,,,,,,,,,,,,,,,,,,,,,,,,,,,,,,,,,,,,,,,,,,,,,,,,,,,,,,,,,,87,,198,17,40,89,,,,,,,,409,,,,,,,,109,109,,,,,,,,,,,,,,,,,,,,80,,,,,,372,,6,,,,,,83,,,,,119,,,,,,,,,,,,,,,,129,350,,,223,,330,,387,26,,,,,,,,,,,,,,,320,184,332,511,,316,204,,,177,326,34,,660,,,,340,,124,,,,,,,,47,,,123,,20,6,,,,444,,,,17,,,,131,,,,,,,,,,,,,,,,,,,,,,,,220,124,28,36,71,,,309,400,230,,,263,118,,,,,,82,,150,,,,,,,,144,,29,139,25,84,,157,,1044,216,268,82,195,4,,,,,,,,,,,,,,,,,,,,,,,540,,115,503,56,118,,,,,,,,,,,,,,,,,,,,,,,,,,,,,,,,,,,,,,,,,,,,,,,,,,,,,,92,115,,168,228,,489,96,213,279,80,179,138,13,23,267,,442,,,,,,,,,122,,,,158,,,,75,
2026-04-16T17:15:01+00:00,121,74,,,496,3,,53,215,,,,230,,,,,,,1133,166,,,,267,,78,,,86,876,,71,15,133,,222,,7,122,,,108,,36,,,,,72,,,,,,,47,,6,,,7,,101,,231,,27,,84,,,265,35,,154,169,,,,,,,,,,440,1,4,350,1,139,309,16,208,112,,204,528,42,68,134,163,215,,372,21,509,145,103,595,24,191,662,,,,,,,,,,,,,,,,,,,,,,,,,,,,,,,,,,,,,,,,,,,,,,157,379,,209,41,,,667,356,462,175,,,,979,208,157,177,141,138,,293,397,113,78,,86,50,120,55,,433,,,252,23,,,,,261,358,,1114,1244,43,,,,254,,,,,221,318,155,86,,,,,,,,,,,,173,,,86,,195,17,39,93,,,,,,,,411,,174,,,,,,,,27,,,,,,,,,,42,,,,,,,,,75,,,,,,373,,5,95,134,,,,82,,,,,,,,,,,,,,,64,,,,,,128,359,299,,226,139,339,,386,22,,,,,,,,,,,,,,,317,187,,521,295,318,203,,,181,330,37,,618,,,,,,121,,,,,,,,,,,,33,,,,,,,,,3,20,302,,,107,,,,,,,,,,,,,,,,,,,,,,,,225,,29,35,77,,59,311,402,227,,,264,117,45,,,,,,112,148,,27,269,145,191,,65,,816,,141,,,,,,,,,,,,,,,,,,,,,,,,,,,,,,,,,,545,,116,508,,110,,92,229,74,59,162,18,,0,88,142,,,194,32,297,,176,101,6,,,,,,,,,,,,,,,,,,,,,,,,,,,,,,,,,,90,108,,,229,93,487,100,212,280,78,178,137,6,25,259,137,440,210,,,,,,,477,121,,262,,160,,,,74,
2026-04-16T17:20:01+00:00,125,42,,135,491,7,,57,213,146,,107,231,,,273,,,,1143,167,444,342,,277,,79,,,89,884,,70,14,132,,223,,,125,,,,,,,,,,68,,326,,,,,,,10,,,8,,104,,,,28,,,,,263,,,151,171,230,142,212,95,,189,,,,,,17,353,,136,,15,209,75,,215,530,40,64,144,176,224,,325,10,516,150,,604,19,190,673,,,,,,,,,,,,,,,,,,,68,,,,,,,,,,141,172,,,,,,,,,,,,,,,,160,384,547,210,45,,,666,365,475,169,324,,,,,,,,,,,,,,,,,,,,,,,,,,,,,,,,,,,,,,,,,,,,,,,,,,,,,,,,,,,,,87,,191,17,31,92,,,,,,,,413,,172,,,,,,110,108,28,,59,,,,,,,,,,,,,,,,,72,,,,,,381,,,98,131,,,,,,,,,118,,,,,58,,,,,65,,,,,,,367,297,107,229,140,344,,384,26,,,,,,,,,,,,,,,320,202,337,534,296,317,195,132,,184,326,40,,589,,,,341,,,,,,,,,,,,,124,36,17,,,,,443,,,,16,,,,79,,,,,,,,,,,,,,,,,,,,,,,,236,,,36,75,,61,315,406,228,,,266,116,,154,,,,,110,157,,26,267,146,194,,63,145,,,140,27,82,,150,75,1066,217,267,,196,1,,,,,,,,,,,,,,,,,,,,,,,554,209,124,513,57,106,,90,228,75,,163,,,,91,140,190,,,,299,,177,111,,,,,,,,,,,,,,,,,,,,,,,,,,,,,,,,,,,,101,,167,232,,476,101,213,281,,177,,,,247,138,444,211,,,41,,,,476,,,,,161,,,,82,
2026-04-16T17:25:01+00:00,126,14,,,493,9,,58,211,135,,102,230,,,268,,,,1154,,,,,282,,81,,,,890,,74,15,,,227,,,,,,,,,,,,,66,,325,44,,,,46,,,,,,,106,,,76,,,,,,266,,,153,,,,,,,,,,,,,,,,,,,,,,,,,,,,,,,,,,,,,,,,,,,,,,,,,,,,,,,,,71,,,,,500,,,,,145,179,,,,,,,,,,,,,,,,164,387,546,205,47,,,670,371,480,170,328,,,992,196,160,199,129,140,,296,405,112,82,,87,48,117,51,,439,,,249,,,,,,,359,,1151,1265,47,,,,256,,,,,218,335,150,82,176,,,,,,,,,,,176,,,88,,194,17,27,94,,,,,,,,417,,171,,,,,,111,110,27,,,,129,,,172,,,43,,,,,,,,,67,,,,,,382,,4,,130,,,,80,,,,,116,,,,,,,,,,,,,,,,,375,298,102,231,141,350,,,,,,,,,,,,,,,,,,,207,342,539,299,318,190,133,,189,329,39,,564,,,,,,,,,,,,,,,,,,,,,,,,,,,,,,,,,,,,,,,,,,,,,,,,,,,,,,,,244,125,,34,78,,60,316,407,225,,,,,,150,,,,,109,163,,,,147,196,,61,,,30,,29,84,,151,,1072,220,,79,,16,,,,,,,,,,,,,,,,,,,,,,,570,207,125,519,,103,,,,,,,,,,,,,,,,,,,,,,,,,,,,,,,,,,,,,,,,,,,,,,,,,,,,,,89,98,,170,,92,473,106,,285,79,,138,,24,245,139,445,212,,,43,,,,477,,,254,,162,,,,81,
2026-04-16T17:30:02+00:00,130,,,,498,,,54,213,131,,106,,,,,,,,1163,,445,346,363,287,,80,,,91,899,29,76,,,,228,,6,128,,,,,,,,,,62,,324,,,,,44,,12,,,,,107,,,73,,,,,,272,36,,154,,222,151,220,94,109,192,,,,441,,24,357,,,306,16,208,47,,219,531,41,59,145,172,240,,293,8,513,151,102,609,14,189,675,,,148,,,,,,,,,,,,,,,,,,,,,502,,,,,146,182,,,,,,,,,,,,,,,,,386,545,198,50,,,673,379,488,160,333,,,,,,,,,,,,,,,,,,,,,,,,,,,,,,,,,,,,,,,,,,,,,,,,,,,,,,,,,,,,,87,,190,17,21,96,,,,,,,,,,172,,,,,,,109,28,,,,,,,173,,,,,,,,,,,,68,,,,,,,,1,99,,,,,,,,,,118,,,,,,,,,,66,,,,,,127,,,103,230,142,352,,379,27,,,,,,,,,,,,,,,321,211,348,549,,322,192,132,,192,332,41,,543,,,,,,122,,,,,,,,48,,,,37,21,7,,,,,,,,5,306,,,24,,,,,,,,,,,,,,,,,,,,,,,,245,127,30,35,,,,,410,,,,265,113,,148,,,,,107,166,,27,264,148,198,,67,,815,28,,30,85,,155,,1074,219,268,78,197,,,,,,,,,,,,,,,,,,,,,,,,572,212,120,525,,100,,,,,,,,,,,,,,,,,,,,,,,,,,,,,,,,,,,,,,,,,,,,,,,,,,,,,,90,89,,168,,,471,110,,286,80,181,140,,25,238,145,449,211,,,42,,,,474,122,,256,,163,,,,79,
2026-04-16T17:35:01+00:00,128,,,,500,,,62,218,124,,104,233,,,265,,,,1166,,446,350,365,292,,81,,,90,904,,74,14,,,230,,,129,161,,,,,,,,,63,,323,45,,,,42,,14,,,,,108,,,,27,,85,,,,,,153,173,,164,226,92,106,195,,,,,,,,,,,,,,,,,,,,,,,,,,,,,,,,,,,,,,,,,,,,,,,,,,,,,,,,,,,,,,,,,,,,,,,,,,,,,166,390,,196,,,,677,385,492,156,334,,477,991,231,162,202,135,141,329,305,450,145,,,,,,,,,,,,,,,,,,,,,,,,,,,,,,,,,,,,,,,,,,,,,,,,,,,189,17,19,99,,,,,,,,415,,173,,,,,,,,30,,57,,130,,,174,,,,,,,,,,,,61,,,,,,383,,,102,,,,,79,,,,,121,,,,,,,,,,67,,,,,,129,380,300,109,232,,357,,378,,,,,,,,,,,,,,,,320,213,351,558,301,326,195,,,193,331,46,,526,,,,,,,,,,,,,,,,,127,40,19,8,,,,,,,1,8,308,,,5,,,,,,,,,,,,,,,,,,,,,,,,246,128,,36,80,,59,315,412,222,,30,267,,,150,,,,81,,167,,,265,,197,,68,144,814,27,,31,,,,,,,,,,,,,,,,,,,,,,,,,,,,,,,,,573,213,113,527,,101,9,88,225,84,54,164,20,3,,90,139,,,189,36,302,,,113,7,,,,,,,,,,,,,,,,,,,,,,,,,,,,,,,,,,89,90,,173,236,,466,119,215,288,81,,139,4,26,225,148,451,214,,,41,,,,477,,,258,,162,,,,90,
2026-04-16T17:40:01+00:00,129,1,,,507,8,,65,222,119,,102,235,,,263,,,,1182,,452,354,366,293,,,,,89,910,,69,17,,,231,,5,131,,,107,,,,,,,57,,,,,,,46,,22,,,10,,107,,,,25,,,,,275,37,,,174,,,,,,,,,,442,,27,354,1,133,310,21,204,36,,232,,,54,147,179,246,,239,1,519,147,,622,18,190,685,27,,149,,,,,,,,,,,,,,,,69,,,,,503,,,,,,184,,,,,,,,,,,,,,,,161,393,546,189,51,,,687,393,500,151,337,,,,,,,,,,,,,81,,90,46,,,,441,,,248,25,,,,,262,365,,1184,1274,49,,,,,,,,,217,347,149,80,173,,,,,,,,,,,175,,,91,,193,17,14,101,,,,,,,,418,,,,,,,,,111,31,,59,,,,,173,,,,,,,,,,,,70,,,,,,387,,2,,,,,,84,,,,,123,,,,,59,,,,,,,,,,,127,383,,114,233,,362,,376,28,,,,,,,,,,,,,,,321,216,354,560,303,330,192,131,,198,334,49,,513,,,,344,,,,,,,,,,49,,,,39,,6,,,,,,,0,0,309,,,2,,,,,,,,,,,,,,,,,,,,,,,,244,,31,35,81,142,56,317,413,226,,,,109,,151,,,,82,105,168,,29,259,,198,,69,142,813,28,,32,,,160,,1082,217,270,80,,15,,,,,,,,,,,,,,,,,,,,,,,574,214,114,533,58,99,,,,,,,,,,,,,,,,,,,,,,,,,,,,,,,,,,,,,,,,,,,,,,,,,,,,,,85,86,,,,91,464,124,218,290,80,,,5,,220,149,,215,,,,,,,480,,,259,,163,,,,96,
2026-04-16T17:45:01+00:00,130,13,,,512,12,,70,225,116,,,230,,,265,,,,1186,,455,359,368,296,,79,,,88,911,,,18,134,,233,,6,132,160,,106,,35,,,,,65,,,,,,3,,14,24,,,12,,108,,,72,,,,,,282,36,,,170,,161,231,94,104,194,,,,,,,,,,,,,,,,,,,,,,,,,,,,,,,,,,,,,,,,,,,,,,,,,,,,,,,,,,,,,,,,,,,,,,,,,,,,,152,394,545,,53,,,,396,511,143,339,,480,998,,,218,134,,,306,452,149,77,,87,48,121,43,,456,,,241,31,,,,,261,366,,1257,1286,52,,,,258,,,,,223,352,155,74,175,,,,,,,,,,,181,,,95,,,17,18,102,,,,,,,,421,,,,,,,,109,109,,,,,,,,,,,,,,,,,,,,78,,,,,,389,,5,,,,,,85,,,,,,,,,,,,,,,,,,,,,128,392,,115,234,,365,,372,32,,,,,,,,,,,,,,,,225,358,567,,331,187,130,,202,337,48,,508,,,,,,,,,,,,,,,,,124,35,20,,,,,,,,,,311,,,0,,,,,,,,,,,,,,,,,,,,,,,,245,,32,36,80,,57,,414,,,,266,107,,150,,,,,,169,,,255,150,200,,70,,812,30,141,31,94,,162,,1089,218,266,,,12,,,,,,,,,,,,,,,,,,,,,,,581,217,116,534,59,104,,,,,,,,,,,,,,,,,,,,,,,,,,,,,,,,,,,,,,,,,,,,,,,,,,,,,,,80,,,239,90,461,129,219,292,,179,140,6,24,223,150,453,,,,,,,,481,,,260,,164,,,,106,
2026-04-16T17:50:02+00:00,136,5,,,514,14,,78,223,112,,104,232,,,264,,,,1209,,454,360,,299,,80,,,90,915,,76,,135,,235,,,131,161,,,,,,,,,71,,324,44,,,1,49,,28,,,13,,107,,230,71,,,,,,283,35,,,168,217,162,234,95,105,196,,196,,444,1,32,359,,,306,15,201,26,,241,,40,49,,176,266,,183,,535,136,103,633,24,193,693,,,,,,,,,,,,,,,,,,,87,,,,,505,,,,,151,190,,,,,,,,,,,,,,,,149,393,,188,55,,,685,401,524,138,346,,,,,,,,,,,,,,,,,,,,,,,,,,,,,,,,,,,,,,,,,,,,,,,,,,,,,,,,,,,,,96,,191,17,15,105,,,,,,,,420,,175,,,,,,,111,32,,,,131,,,175,,,,,,,,,,,,85,,,,,,392,,7,,129,,,,87,,,,,124,,,,,,,,,,,,,,,,125,397,296,,236,,367,,371,35,,,,,,,,,,,,,,,,231,362,569,304,333,194,,,,336,50,,502,,,,345,,,,,,,,,,50,,,120,30,,,,,,442,,,,1,312,,,,,,,,,,,,,,,1,,,,,,,,,,,,246,,,,82,143,58,318,,230,,,,106,,149,,,,80,106,172,,28,258,,,,72,,806,,,,98,,166,,1095,214,265,82,,7,,,,,,,,,,,,,,,,,,,,,,,589,219,114,535,60,106,11,80,227,90,56,,17,7,,99,136,,,190,40,307,,,112,11,,,,,,,,,,,,,,,,,,,,,,,,,,,,,,,,,,81,92,2,177,241,,459,136,222,291,,,139,7,23,,152,454,,,,42,,,,483,123,,265,,162,,,,114,
2026-04-16T17:55:01+00:00,,1,,,518,,,81,231,,,106,238,,,266,,,,1221,,,363,370,301,,79,,,,916,,77,19,,,237,,7,132,162,,,,,,,,,66,,325,,,,,48,,,,,14,,106,,,72,23,,,,,284,,,,167,,,,,,,,,,445,,39,362,,134,300,13,199,24,,246,,,47,149,,271,,158,,541,,,636,25,192,696,,,,1,,,,,,,,,,,,,,,,,,,,,,,,,,,,,,,,,,,,,,,,,,150,398,,190,56,,,676,403,526,137,351,,481,1003,235,164,,133,,,,455,150,,,,,,,,,,,,,,,,,,,,,,,,,,,,,,,,,,,,,,,,,,,,,,,,,98,,,17,19,,,,,,,,,,,,,,,,,,117,,,58,,,,,,,,42,,,,,,,,,82,,,,,,395,,6,,,,,,92,,,,,125,,,,,,,,,,,,,,,,124,404,294,120,239,,372,,364,,,,,,,,,,,,,,,,,234,363,573,,334,197,,,207,338,51,,496,,,,,,,,,,,,,,51,,,119,,21,7,,,,444,,,,0,313,,,,,,,,,,,,,,,0,,,,,,,,,,,,252,,,37,,,59,321,410,231,,,268,107,,143,,,,,,,,27,256,,202,,74,141,802,34,,32,,,167,,1105,216,267,84,,6,,,,,,,,,,,,,,,,,,,,,,,599,221,118,544,,112,,,,,,,,,,,,,,,,,,,,,,,,,,,,,,,,,,,,,,,,,,,,,,,,,,,,,,,93,5,178,243,,461,143,221,293,81,181,,6,24,225,153,455,,,,,,,,482,,,274,,165,,,,119,
2026-04-16T18:00:02+00:00,140,,,,525,15,,87,,111,,112,242,,,263,,,,1231,,455,367,372,308,,,,,92,920,,74,,,,,,,,163,,107,,34,,,,,64,,,,,,2,,,32,,,15,,,,,,,,,,,,,,,169,226,164,237,96,,,,,,446,,50,367,,139,309,15,196,23,,248,530,43,,148,175,283,,149,,550,142,106,640,35,199,703,25,,150,,,,,,,,,,,,,,,,97,,,,,507,,,,,157,193,,,,,,,,,,,,,,,,153,402,,192,55,,,672,406,535,139,353,,,,,,,,,,,,,80,,91,50,119,45,,457,,,,35,,,,,,,,1288,1288,51,,,,,,,,,227,357,,76,174,,,,,,,,,,,185,,,99,,188,17,21,,,,,,,,,421,,177,,,,,,,119,,,59,,,,,,,,,,,,,,,,,84,,,,,,399,,5,104,128,,,,95,,,,,,,,,,,,,,,,,,,,,123,405,287,121,238,144,376,,362,33,,,,,,,,,,,,,,,320,239,364,574,,335,201,,,,337,49,,494,,,,348,,,,,,,,,,50,,,121,29,22,8,,,,445,,,,,315,,,,,,,,,,,,,,,3,,,,,,,,,,,,251,,,,83,,60,322,411,,,,269,108,,142,,,,81,,175,,,257,,204,,77,,799,,142,33,101,,170,,1124,215,265,86,198,3,,,,,,,,,,,,,,,,,,,,,,,605,,122,548,,113,,,,,,,,,,,,,,,,,,,,,,,,,,,,,,,,,,,,,,,,,,,,,,,,,,,,,,80,94,7,182,246,92,460,150,226,295,82,179,140,8,25,227,155,454,,,,,,,,484,,,277,,,,,,122,
2026-04-16T18:05:01+00:00,141,,,,,,,85,239,,,120,244,,,,,,,,,454,369,375,312,,,,,,926,,78,21,,,,,8,131,162,,108,,35,,,,,68,,326,43,,,3,,15,37,,,14,4,107,,,,,,,,,,,,,171,,,,,,,,,,,,,,,,,,,,,,,,,,,,,,,,,,,,,,,,,,,,,,,,,,,,,,,,,,,,,,,,,,,,,,,,,,,,,,,,,,,154,399,544,,56,,,673,409,541,,357,,477,1024,245,,217,146,142,,305,460,157,83,,100,56,120,,,,,,242,44,,,,,260,367,,1347,1305,50,,,,259,,,,,233,364,159,77,,,,,,,,,,,,200,,,,,185,17,22,109,,,,,,,,424,,,,,,,,,,31,,,,,,,,,,,,,,,,,,,83,,,,,,402,,4,103,126,,,,98,,,,,124,,,,,,,,,,,,,,,,122,408,283,123,242,145,383,,363,,,,,,,,,,,,,,,,321,241,371,579,305,337,207,129,,211,339,58,,492,,,,,,123,,,,,,,,,,,129,31,20,7,,,,446,,,1,4,314,,,2,,,,,,,,,,,,4,,,,,,,,,,,,249,129,,40,85,144,61,323,413,233,,,,112,44,141,,,,,,173,,,,,205,,78,142,,38,,31,,,171,,1131,217,268,87,,4,,,,,,,,,,,,,,,,,,,,,,,612,222,,554,61,116,,,,,,,,,,,,,,,,,,,,,,,,,,,,,,,,,,,,,,,,,,,,,,,,,,,,,,,91,5,187,252,,461,158,230,296,,,,6,26,232,157,,217,,,43,,,,,124,,292,,167,,,,136,
2026-04-16T18:10:02+00:00,,,,,527,18,,,245,110,,125,248,,,259,,,,,,455,370,378,314,,80,,,94,933,,79,22,,,,,,,163,,,,34,,,,,61,,,44,,,,51,,39,,,,5,108,88,231,,24,22,,,,285,,,155,170,236,176,240,99,106,204,,,,,,53,368,1,138,314,,,24,,256,,44,46,151,181,295,,,,566,143,,643,39,,704,,,,,,,,,,,,,,,,,,,115,,,,,508,,,,,162,196,,,,,,,,,,,,,,,,,400,543,193,57,,,680,411,555,144,362,,,,,,,,,,,,,,,,,,,,,,,,,,,,,,,,,,,,,,,,,,,,,,,,,,,,,,,,,,,,,98,,186,17,24,111,,,,,,,,,,,,,,,,,,,,,,,,,,,,,,,,,,,,,89,,,,,,407,,,104,128,,,,102,,,,,,,,,,,,,,,,,,,,,,413,282,125,245,,,,364,,,,,,,,,,,,,,,,320,248,375,587,306,341,216,,,212,,,,,,,,350,,,,,,,,,,,,,132,33,19,,,,,,,,,5,315,,,,,,,,,,,,,,,,,,,,,,,,,,,253,128,,42,,146,,,415,237,,,268,114,,142,,,,,107,178,,,,153,203,,81,141,,,,30,,,,,,,,,,,,,,,,,,,,,,,,,,,,,,,,,617,221,126,556,,117,,86,230,95,59,169,21,13,,100,138,189,,185,50,314,,182,125,12,,,,,,,,,,,,,,,,,,,,,,,,,,,,,,,,,,78,94,8,193,256,93,463,166,236,297,83,,,11,29,229,,453,219,,,44,,,,482,125,,301,,169,,,,144,
2026-04-16T18:15:01+00:00,140,,,,528,21,,,252,113,,128,254,,,,,,,1230,,,372,380,323,,,,,96,939,,83,21,134,,,,,,,,,,,,,,,60,,,,,,,,14,44,,,15,4,,,230,,25,23,,,,292,,,,,235,186,,102,161,203,,,,447,,57,372,2,137,326,16,195,25,212,278,532,46,49,156,196,320,,146,1,591,,,652,51,206,710,,,,2,,,,,,,,,,,,,,,137,,,,,509,,,,,163,203,,,,,,,,,,,,,,,,159,405,542,195,60,,,685,413,563,143,,,484,1042,243,,222,142,143,,306,,,,,,,,,,,,,,,,,,,,,,,,,,,,,,,,,,,,,,,,,,,,,,,,,,,99,,182,17,,114,,,,,,,,427,,,,,,,,110,,33,,58,,130,,,,,,43,,,,,,,,,92,,,,,,415,,5,105,126,,,,103,,,,,123,,,,,58,,,,,,,,,,,,420,283,,247,147,384,,363,32,,,,,,,,,,,,,,,321,253,380,588,307,342,223,,,,338,60,,,,,,353,,124,,,,,,,,,,,133,,20,8,,,,,,,,8,316,,,3,,,,,,,,,,,,3,,,,,,,,,,,,256,,,,,,62,,,242,,,270,115,,145,,,,,,182,,,258,154,204,,83,,798,39,141,,103,,180,,1138,221,272,88,,2,,,,,,,,,,,,,,,,,,,,,,,624,224,132,572,60,123,,,,,,,,,,,,,,,,,,,,,,,,,,,,,,,,,,,,,,,,,,,,,,,,,,,,,,83,97,11,194,257,,465,172,242,299,82,178,143,13,30,231,162,454,220,,,,,,,484,,,309,,170,,,,153,
2026-04-16T18:20:02+00:00,143,,,134,532,24,,99,254,115,,131,258,,,260,,,,1231,,,376,383,331,,,,,98,941,,86,22,,,,,,132,,,,,35,,,,,62,,,43,,,,,,48,,,,8,112,,231,,21,,,,,295,34,,,173,,,,,,,,,,,2,58,375,4,139,332,21,196,,,285,531,47,,,201,337,,145,2,598,150,,653,52,,713,,,,3,,,,,,,,,,,,,,,,,,,,,,,,,,,,,,,,,,,,,,,,,,165,406,,197,62,,,681,,568,144,364,,,,,,,,,,,,,84,,105,61,121,42,,470,,,,54,,,,,274,372,,1470,1324,54,,,,261,,,,,241,378,,,176,,,,,,,,,,,231,,,98,,184,17,26,116,,,,,,,,429,,,,,,,,111,,,,59,,131,,,177,,,,,,,,,,,,94,,,,,,,,4,,,,,,108,,,,,124,,,,,,,,,,65,,,,,,,,284,123,246,,386,,364,34,,,,,,,,,,,,,,,,258,382,595,,346,230,128,,,,63,,493,,,,354,,128,,,,,,,,,,,136,31,24,,,,,,,,2,13,314,,,4,,,,,,,,,,,,2,,,,,,,,,,,,259,,,43,86,,,,416,246,,,271,116,45,146,,,,,,187,,,264,155,205,,85,,796,,142,29,,,181,,1147,224,273,89,,1,,,,,,,,,,,,,,,,,,,,,,,632,,134,565,62,127,10,98,229,96,63,172,25,16,2,107,146,190,,189,,317,,183,127,,,,,,,,,,,,,,,,,,,,,,,,,,,,,,,,,,,80,96,12,197,258,94,466,176,246,300,,177,145,14,32,232,168,,218,,,,,,,,127,,311,,,,,,159,
2026-04-16T18:25:01+00:00,144,2,,,536,26,,111,256,116,,133,257,,,261,,,,,,,378,390,336,,,,,,955,28,88,21,,,,,,134,,,107,,,,,,,,,325,42,,,2,,,49,,,,6,116,,230,,,,,,,303,,,154,176,237,185,244,104,162,206,,,,448,,62,378,10,140,339,22,195,24,213,293,,,48,160,211,350,,,1,604,154,,657,,205,714,,,,,,,,,,,,,,,,,,,143,,,,,,,,,,167,204,,,,,,,,,,,,,,,,169,409,541,199,64,,,679,,572,149,366,,490,1055,252,168,240,146,144,,307,471,162,99,,109,65,124,46,,475,,,243,58,,,,,279,374,,1543,1329,,,,,,,,,,242,387,164,82,185,,,,,,,,,,,245,,,103,,188,17,29,117,,,,,,,,430,,178,,,,,,,122,,,,,,,,,,,,,,,,,,,,89,,,,,,,,,106,127,,,,109,,,,,125,,,,,,,,,,,,,,,,,425,,,247,,384,,366,37,,,,,,,,,,,,,,,319,261,,598,306,348,226,129,,211,339,62,,,,,,,,,,,,,,,,,,,,,,,,,,,,,,,,,,,,,,,,,,,,,,,,,,,,,,,,,,256,,34,47,87,,63,322,419,248,,,272,119,,147,,,,80,108,,,,265,,207,,89,,798,40,,30,106,,188,,1151,227,,,,3,,,,,,,,,,,,,,,,,,,,,,,634,222,133,574,61,131,11,99,230,,64,173,,15,0,,147,193,,190,53,,,,132,13,,,,,,,,,,,,,,,,,,,,,,,,,,,,,,,,,,81,99,13,,,96,,177,252,302,,178,,17,34,234,169,,221,,,46,,,,485,128,,317,,,,,,163,
2026-04-16T18:30:01+00:00,147,,,,537,25,,116,262,120,,138,258,,,264,,,,,,,,391,,,79,,,99,958,,90,,135,,,,,,162,,106,,,,,,,65,,324,43,,,,,13,56,,,16,3,115,,231,74,22,,,,,304,,,,183,,,,,,,,,,,,,,,,,,,,,,,,,,,,,,,,,,,,,,,,,,,,,,,,,,,,,,,,,,,,,,,,,,,,,,,,,,,,,,,,,,,173,,,203,67,,,682,,573,156,,,,,,,,,,,,,,,,,,,,,,,,,,,,,,,,,,,,,,,,,,,,,,,,,,,,,,,,,,,,,,105,,193,17,,,,,,,,,,435,,179,,,,,,,,,,,,,,,,,,,,,,,,,,,94,,,,,,,,,,128,,,,110,,,,,126,,,,,,,,,,,,,,,,121,430,287,,248,,385,,368,,,,,,,,,,,,,,,,320,266,,603,,349,235,,,,341,64,,494,,,,,,,,,,,,,,,,,142,40,21,11,,,,,,,,,319,,,8,,,,,,,,,,,,1,,,,,,,,,,,,254,130,,49,88,,64,324,426,251,,31,,121,,148,,,,,109,190,,26,268,156,212,,92,,800,,,31,110,,198,,,224,,,199,13,,,,,,,,,,,,,,,,,,,,,,,637,223,134,572,,134,,,,,,,,,,,,,,,,,,,,,,,,,,,,,,,,,,,,,,,,,,,,,,,,,,,,,,83,,14,201,260,,,178,257,306,83,,,20,36,244,,455,223,,,47,,,,486,129,,322,,,,,,174,
2026-04-16T18:35:01+00:00,148,,,,541,28,,122,263,123,,137,261,,,266,,,,,,456,382,392,340,,80,,,101,960,,,23,,,,,7,135,,,,,,,,,,60,,325,,,,3,52,14,60,,,15,4,116,,232,,21,22,,,,305,,,,185,238,186,246,,163,208,,,,,4,65,382,14,142,343,,,26,,300,532,49,,159,220,357,,,,,156,,658,61,209,715,,,,6,,,,,,,,,,,,,,,154,,,,,513,,,,,171,,,,,,,,,,,,,,,,,,418,,204,69,,,684,412,578,152,369,,,1062,253,173,257,149,,330,310,479,174,102,,114,68,125,50,,478,,,,56,,,,,280,375,,1560,,,,,,260,,,,,,392,168,,184,,,,,,,,,,,250,,,,,,,,,,,,,,,,,,,,,,,,,,,,,,,,,,,,,,,,,,,,,89,,,,,,,,,,,,,,114,,,,,,,,,,,,,,,64,,,,,,,,,,,,,,,,,,,,,,,,,,,,,,,270,386,,308,351,237,,,212,344,63,,496,,,,,,,,,,,,,,,,,,,,,,,,,,,,,,,,,,,,,,,,,,,,,,,,,,,,,,,,,,,,,,,,,,,,,,,,,,,,,,,,,,,,,,,,,,,,,,,,,,,,,,,,,,,,,,,,,,,,,,,,,,,,,,,,,,,,,,,,,,,,,,,,,,,,,,,,,,,,,,,,,,,,,,,,,,,,,,,,,,,,,85,100,15,204,261,,,182,263,308,,,146,23,37,249,,456,226,,,48,,,,487,,,,,172,,,,179,
2026-04-16T18:35:02+00:00,,,,,,,,,,,,,,,,,,,,,,,,,,,,,,,,,,,,,,,,,,,,,,,,,,,,,,,,,,,,,,,,,,,,,,,,,,,,,,,,,,,,,,,,,,,,,,,,,,,,,,,,,,,,,,,,,,,,,,,,,,,,,,,,,,,,,,,,,,,,,,,,,,,,,,,,,,,,,,,,,,,,,,,,,,,,,,,,,,,,,,,,,,,,,,,,,,,,,,,,,,,,,,,,,,,,,,,,,,,,,,,,,,,,,,,,109,,192,16,33,116,,,,,,,,439,,180,,,,,,110,,,,,,,,,,,,,,,,,,,,,,,,,,,,,,,,,,,,,,,,,,,,,,,,,,,,,,,,,438,289,,,,386,,369,,,,,,,,,,,,,,,,,,,,,,,,,,,,,,,,,355,,,,,,,,,,51,,,145,,24,14,,,,,,,3,17,320,,,13,,,,,,,,,,,,2,,,,,,,,,,,,252,,36,54,90,,,326,427,250,,,,,,,,,,84,108,197,,,270,160,213,,,,,41,,30,,,213,,1156,222,272,93,200,17,,,,,,,,,,,,,,,,,,,,,,,638,224,138,,,137,12,108,233,,68,177,27,11,14,126,155,,,191,,322,,,148,14,,,,,,,,,,,,,,,,,,,,,,,,,,,,,,,,,,,,,,,,,,,,,,,,,,,,,,,,,,,,,,,,,,,,,
2026-04-16T18:40:02+00:00,150,4,,,542,31,,124,,,,141,,,,,,,,,,,384,396,341,,81,,,,964,,92,27,,,,,8,,163,,104,,36,,,,,67,,,44,,,4,53,,59,,,,5,117,,,76,23,,,,,307,,,,186,246,191,248,105,,209,,,,,10,,,15,143,346,27,196,,,302,,51,,160,222,364,254,146,1,616,162,105,664,66,,719,,,,9,,,,,,,,,,,,,,,,,,,,,,,,,,,,,,,,,,,,,,,,,,,428,,207,70,,,702,413,586,155,,,,,,,,,,,,,,,,,,,,,,,,,,,,,,,,,,,,,,,,,,,,,,,,,,,,,,,,,,,,,,,,190,16,32,,,,,,,,,440,,181,,,,,,111,,,,,,,,,,,,,,,,,,,,,82,,,,,,,,,107,,,,,119,,,,,,,,,,,,,,,65,,,,,,,439,,,250,148,388,,370,,,,,,,,,,,,,,,,321,269,387,,,355,240,,,213,,65,,,,,,,,,,,,,,,,,,,149,41,23,15,,,,,,,,18,,,,15,,,,,,,,,,,,1,,,,,,,,,,,,259,,35,55,89,,62,328,426,,,32,,122,,,,,,,110,201,,,272,161,214,,93,,804,42,,32,111,,218,,1160,227,274,94,,29,,,,,,,,,,,,,,,,,,,,,,,643,,137,581,,139,,,236,97,69,178,28,10,17,129,156,194,,188,54,324,,,149,,,,,,,,,,,,,,,,,,,,,,,,,,,,,,,,,,,87,97,17,207,263,97,465,189,265,,,180,147,26,39,253,,457,,,,,,,,,,,324,,,,,,185,
2026-04-16T18:45:01+00:00,152,5,,,547,32,,122,261,125,,143,266,,,,,,,,,,388,402,346,,82,,,102,966,,93,,136,,,,,134,166,,,,,,,,,60,,326,43,,,3,52,15,,,,,6,,,,77,20,,,,,309,,,,,,,,,,,,,,,,,,,,,,,,,,,,,,,,,,,,,,,,,,,,,,,,,,,,,,,,,,,,164,,,,,514,,,,,173,206,,,,,,,,,,,,,,,,172,432,,208,,,,729,415,588,158,371,464,495,1075,259,174,274,153,,331,312,483,188,109,,121,75,128,54,,477,,,,59,,,,,290,376,,1575,1336,,,,,,,,,,246,395,166,81,185,,,,,,,,,,,255,,,114,,,16,36,,,,,,,,,443,,183,,,,,,110,,,,,,132,,,,,,,,,,,,,,,86,,,,,,,,3,109,,,,,123,,,,,127,,,,,,,,,,66,,,,,,,443,293,,252,,,,376,39,,,,,,,,,,,,,,,320,270,,604,,357,243,,,,342,67,,498,,,,,,130,,,,,,,,,,,152,,21,,,,,,,,4,21,321,,,17,,,,,,,,,,,,,,,,,,,,,,,,258,,,,,,61,326,427,251,,33,,124,,,,,,,,202,,,276,,,,95,142,808,,143,,,,,,,,,,,,,,,,,,,,,,,,,,,,,,,,,,652,,142,588,,,,,,,,,,,,,,,,,,,,,,,,,,,,,,,,,,,,,,,,,,,,,,,,,,,,,,,,89,106,21,210,264,98,467,193,271,,85,183,149,23,42,250,171,458,227,,,,,,,488,,,331,,,,,,191,
2026-04-16T18:50:01+00:00,153,,,,549,34,,127,,,,148,270,,,,,,,1232,,454,389,407,347,,81,,,104,967,27,94,30,,,,,,133,,,103,,,,,,,65,,,,,,1,54,,61,,184,,7,120,,,79,,,,,,,,,,185,249,193,249,106,,212,,,,447,17,77,387,21,,353,,,25,,316,533,52,49,166,229,371,,149,4,627,167,106,670,71,214,723,23,,,13,,,,,,,,,,,,,,,,,,,,,,,,,,,,,,,,,,,,,,,,,,,433,542,209,,,,740,416,589,160,372,,,,,,,,,,,,,,,,,,,,,,,,,,,,,,,,,,,,,,,,,,,,,,,,,,,,,,,,,,,,,116,,192,16,,118,,,,,,,,,,184,,,,,,,,,,58,,131,,,,,,,,,,,,,,,,,,,,,414,,2,,,,,,125,,,,,126,,,,,,,,,,,,,,,,,444,294,124,253,,,,379,42,,,,,,,,,,,,,,,321,271,392,607,309,358,251,,,215,340,65,,,,,,,,131,,,,,,,,,,,151,42,22,17,,,,,,,3,26,324,,,21,,,,,,,,,,,,3,,,,,,,,,,,,266,,,57,,147,60,,,254,,,274,128,46,,,,21,,,208,,,278,,,,97,,812,,,,113,,224,,1165,226,275,95,201,27,,,,,,,,,,,,,,,,,,,,,,,659,227,145,598,65,140,,,,,,,,,,,,,,,,,,,,,,,,,,,,,,,,,,,,,,,,,,,,,,,,,,,,,,94,109,26,212,266,99,466,198,,307,87,,,27,44,253,173,,229,,,,,,,,,,337,,,,,,195,
2026-04-16T18:55:01+00:00,154,,,,554,35,,130,263,,,151,271,,,265,,,,1233,,453,393,,,,,,,,,,,,,,,,,,,,,,,,,,,,,,,,,,,,,,,,,,,,,,,,,,,,,,,,,,,,,,,,,,,,,,,,,,,,,,,,,,,,,,,,,,,,,,,,,,,,,,,,,,,,,,,,,,,,,,,,,,,,,,,,,,,,,,,,,,,,,,,,,,,,,,,,,,,,,,,,,,,,,,,,,,,,,,,,,,,,,,,,,,,,,,,,,,,,,,,,,,,,,,,,,,,,,,,,,,,,,,,,,,,,,,,,,,,,,,,,,,,,,,,,,,,,,,,,,,,,,,,,,,,,,,,,,,,,,,,,,,,,,,,,,,,,,,,,,,,,,,,,,,,,,,,274,393,610,311,,257,,,,341,67,,500,,,,,,,,,,,,,,,,,,,,,,,,,,,,,,,,,,,,,,,,,,,,,,,,,,,,,,,,,,,,,,,,,,,,,,,,,,,,,,,,,,,,,,,,,,,,,,,,,,,,,,,,,,,,,,,,,,,,,,,,,,,,,,,,,,,,,,,,,,,,,,,,,,,,,,,,,,,,,,,,,,,,,,,,,,,,,,,,,,,,,,,,,,,,,,,,,,,,,,,,,,,,,,,,,,,,,,,,
2026-04-16T18:55:02+00:00,,,,,,,,,,,,,,,,,,,,,,,,408,350,,83,,,102,,,95,,,,,,,134,165,,104,,,,,,,64,,324,,,,2,55,,63,,,,12,122,,,,22,,,,,311,,,156,,255,202,253,108,165,215,,,,448,22,82,392,28,,358,32,194,26,,331,531,53,,176,237,388,255,151,10,632,171,,676,83,219,730,,,,16,,,,,,,,,,,,,,,178,,,,,,,,,,174,208,,,,,,,,,,,,,,,,177,435,,210,,,,747,417,593,162,375,465,498,1083,292,176,276,156,,,319,504,207,113,,124,80,133,57,,480,,,,64,,,,,299,377,,1585,1340,55,,,,262,,,,,247,408,165,,197,,,,,,,,,,,261,,,122,,193,16,39,121,,,,,,,,,,,,,,,,111,124,,,59,,,,,,,,44,,,,,,,,,85,,,,,,,,,,,,,,126,,,,,,,,,,57,,,,,67,,,,,,,451,295,,,,,,,45,,,,,,,,,,,,,,,,,,,,,,,,,,,,,,,,,,,,,,,,,,,,,153,46,26,18,,,,,,,4,29,323,,,22,,,,,,,,,,,,,,,,,,,,,,,,269,131,36,58,,,,322,429,258,,,275,134,,149,,,,83,,206,,,280,162,215,,96,,816,,,,115,,244,,1167,237,273,97,,34,,,,,,,,,,,,,,,,,,,,,,,661,,147,605,,147,10,113,244,95,74,182,32,18,34,147,164,196,,200,57,330,,186,161,15,,,,,,,,,,,,,,,,,,,,,,,,,,,,,,,,,,95,114,28,214,268,,,203,,,,182,151,28,46,252,,460,230,,,49,,,,,,,343,,173,,,,198,
2026-04-16T19:00:01+00:00,153,,,,555,37,,136,,128,,160,270,,,267,,,,,,454,395,,352,,86,,,,968,,96,32,,,,,,,166,,,,,,,,,69,,325,44,,,1,54,16,66,,,,13,123,,,,21,23,86,,,314,,,,186,252,203,,,168,219,,,,,,,,,,,,,,,,,,,,,,,,,,,,,,,,,,,,,,,,,,,,,,,,,,186,,,,,517,,,,,175,210,,,,,,,,,,,,,,,,184,439,541,,,,,753,,597,166,376,,,,,,,,,,,,,,,,,,,,,,,,,,,,,,,,,,,,,,,,,,,,,,,,,,,,,,,,,,,,,124,,195,16,40,125,,,,,,,,,,,,,,,,112,129,,,,,,,,178,,,,,,,,,,,,83,,,,,,,,,,,,,,127,,,,,,,,,,,,,,,68,,,,,,,455,297,125,,149,391,,,,,,,,,,,,,,,,,,320,281,395,612,,359,264,,,,342,,,502,,,,,,132,,,,,,,,52,,,155,49,25,,,,,,,,5,33,327,,,23,,,,,,,,,,,,,,,,,,,,,,,,266,,,59,,,,324,430,263,,,276,137,,150,,,,,,207,,,281,,217,,97,,826,,,31,,,,,,,,,,,,,,,,,,,,,,,,,,,,,,,,,665,229,148,617,66,148,,,,,,,,,,,,,,,,,,,,,,,,,,,,,,,,,,,,,,,,,,,,,,,,,,,,,,97,113,32,222,269,,,205,273,,,183,152,32,47,253,174,462,231,,,50,,,,490,,,353,,,,,,208,
2026-04-16T19:15:02+00:00,168,10,,135,564,40,,150,270,140,,172,282,,,,,,,,,455,398,421,354,,92,,,,972,28,100,34,135,,,,,136,,,,,,,,,,85,,326,,,,0,56,17,76,,,14,23,126,,,80,26,22,,,,322,,,155,194,247,209,265,165,173,228,,,,447,36,100,404,40,,383,34,199,,,359,533,55,51,192,244,394,,158,17,648,176,,690,93,224,734,,,151,23,,,,,,,,,,,,,,,206,,,,,,,,,,176,211,,,,,,,,,,,,,,,,195,436,542,213,,,,768,418,604,168,378,466,506,1090,344,180,291,161,145,334,323,521,218,124,,131,91,143,61,,494,,,246,85,,,,,331,378,,1600,1348,,,,,264,,,,,255,420,168,88,216,,,,,,,,,,,273,,,127,,208,17,46,,,,,,,,,,,188,,,,,,111,130,,,,,132,,,180,,,45,,,,,,,,,94,,,,,,415,,8,112,,,,,,,,,,125,,,,,,,,,,66,,,,,,,471,298,132,256,151,396,,384,47,,,,,,,,,,,,,,,,285,400,623,313,,295,128,,217,343,68,,507,,,,356,,133,,,,,,,,,,,163,66,28,19,,,,447,,,,43,330,,,32,,,,,,,,,,,,1,,,,,,,,,,,,273,132,,62,94,150,61,327,436,269,,,280,138,,160,,,,84,,214,,28,286,165,225,,95,143,849,43,,35,120,,263,,1169,257,284,100,,49,,,,,,,,,,,,,,,,,,,,,,,674,228,159,639,69,155,12,116,246,96,78,185,31,19,42,162,180,206,,205,58,338,,,173,17,,,,,,,,,,,,,,,,,,,,,,,,,,,,,,,,,,102,131,37,240,272,,473,207,282,309,88,186,156,40,49,259,,464,234,,,51,,,,493,,,380,,175,,,,212,
2026-04-16T19:30:01+00:00,176,15,,136,572,42,,160,273,149,,181,291,,,270,,,,,,,411,429,,,97,,,,975,27,101,37,137,,,,,138,164,,101,,,,,,,91,,,,,,,,,,,,,37,130,,,81,32,23,,,,330,,,153,205,251,219,269,176,178,232,,,,,51,138,414,52,144,403,32,204,28,214,373,536,,52,201,249,418,,161,24,665,203,101,695,111,231,740,,,152,29,,,,,,,,,,,,,,,218,,,,,522,,,,,177,216,,,,,,,,,,,,,,,,202,441,543,217,,,,790,424,607,170,379,,,1097,367,183,314,167,146,,324,525,225,123,,134,92,144,,,495,,,248,89,,,,,350,,,1607,1353,,,,,265,,,,,257,421,169,90,218,,,,,,,,,,,,,,129,,212,17,56,130,,,,,,,,448,,,,,,,,113,131,,,,,,,,181,,,46,,,,,,,,,113,,,,,,0,,9,,129,,,,136,,,,,128,,,,,56,,,,,69,,,,,,,476,296,137,257,,400,,388,57,,,,,,,,,,,,,,,321,297,402,640,315,361,313,,,220,346,71,,518,,,,358,,132,,,,,,,,,,,171,73,26,21,,,,448,,,7,48,,,,42,,,,,,,,,,,,2,,,,,,,,,,,,290,,35,63,97,151,62,330,440,277,,,288,145,,168,,,,83,111,223,,29,287,171,240,,98,142,864,,,36,122,,286,,1170,261,287,104,202,61,,,,,,,,,,,,,,,,,,,,,,,687,230,162,646,70,162,15,118,250,98,86,186,33,21,53,174,193,209,,213,59,345,,189,184,20,,,,,,,,,,,,,,,,,,,,,,,,,,,,,,,,,,109,159,44,258,275,,486,,291,,,190,160,42,54,270,179,467,240,,,52,,,,500,,,391,,176,,,,239,
2026-04-16T19:45:01+00:00,182,18,,,587,43,,168,284,151,,188,300,,,272,,,,1234,,452,425,433,,,96,,,106,978,,104,55,138,,,,,141,,,98,,,,,,,94,,325,45,,,,,,79,,,15,42,133,,,83,36,22,85,,,333,33,,,209,255,223,273,182,182,234,,198,,,56,150,416,66,,406,,205,29,,376,540,,53,204,258,422,,163,25,670,212,,699,114,236,741,,,,,,,,,,,,,,,,,,,230,,,,,524,,,,,179,,,,,,,,,,,,,,,,,210,448,544,224,,,,822,428,614,174,381,467,511,1113,406,186,331,173,147,335,,537,247,125,,139,93,146,64,,502,,,250,104,,,,,361,,,1617,1360,,,,,,,,,,266,427,170,98,,,,,,,,,,,,275,,,134,,221,17,66,,,,,,,,,451,,189,,,,,,114,132,,,,,,,,,,,47,,,,,,,,,128,,,,,,414,,8,113,131,,,,141,,,,,129,,,,,57,,,,,70,,,,,,122,483,293,147,258,,401,,391,63,,,,,,,,,,,,,,,320,310,405,646,,360,361,129,,,350,72,,537,,,,,,,,,,,,,,53,,,178,78,33,26,,,,,,,9,62,332,,,47,,,,,,,,,,,,1,,,,,,,,,,,,300,133,38,66,100,,64,335,448,296,,35,292,160,,177,,,,84,120,233,,32,289,172,245,,100,141,868,,,39,130,,304,,1175,271,294,110,,85,,,,,,,,,,,,,,,,,,,,,,,694,235,165,658,72,161,18,132,260,99,111,191,38,19,75,190,220,217,,234,61,350,,,209,21,,,,,,,,,,,,,,,,,,,,,,,,,,,,,,,,,,124,179,49,277,278,,492,,297,310,92,189,163,49,57,277,183,470,,,,56,,,,502,,,403,,179,,,,255,
2026-04-16T20:00:02+00:00,191,23,,135,603,44,,201,289,155,,190,312,,,274,,,,,,459,433,443,,,98,,,111,,26,105,58,139,,,,,142,166,,95,,37,,,,,109,,,,,,6,58,,,,,16,54,144,,,84,38,21,,,,337,,,154,213,265,228,276,183,189,241,,,,,84,242,426,144,151,425,38,207,32,,400,545,57,55,222,275,444,,165,28,690,194,98,709,131,247,744,,5,151,45,,,,,,,,,,,,,,,238,,,,,523,,,,,,217,,,,,,,,,,,,,,,,223,454,546,236,,,,869,430,616,186,389,,513,1115,441,,333,175,146,,325,542,251,143,,148,113,165,76,,507,,,255,127,,,,,382,,,1630,1362,56,,,,266,,,,,277,442,174,108,238,,,,,,,,,,,285,,,140,,226,17,69,132,,,,,,,,450,,190,,,,,,113,133,,,,,,,,183,,,51,,,,,,,,,154,,,,,,412,,,,,,,,143,,,,,128,,,,,,,,,,72,,,,,,126,493,,148,261,,404,,397,69,,,,,,,,,,,,,,,321,315,,654,316,363,374,128,,,355,75,,540,,,,,,,,,,,,,,,,,182,83,,28,,,,,,,10,,330,,,54,,,,,,,,,,,,,,,,,,,,,,,,316,,41,70,106,152,63,337,449,305,,36,,169,,184,,,,82,124,245,,,,173,255,,99,142,870,,,42,133,,321,,1176,287,300,113,,109,,,,,,,,,,,,,,,,,,,,,,,700,239,172,671,74,164,19,141,269,101,116,,43,26,102,205,245,,,247,63,357,,,230,26,,,,,,,,,,,,,,,,,,,,,,,,,,,,,,,,,,130,197,59,286,,,515,,301,,,,164,57,59,290,186,474,243,,,,,,,507,,,413,,181,,81,,270,
2026-04-16T20:15:01+00:00,192,45,8,,613,46,,206,295,,,216,313,,,276,,,,,,468,442,453,,,99,,,114,981,,108,62,140,,,,,143,167,,96,,,,,,,133,,328,46,,,7,,,85,,,,64,171,,,86,,23,86,,,345,,,155,218,280,230,,193,190,242,,,,448,98,253,435,221,152,431,42,,33,,414,,60,57,234,277,455,,,32,712,208,99,714,136,252,747,,4,152,63,,,,,,,,,,,,,,,247,,,,,531,,,,,181,218,,,,,,,,,,,,,,,,237,460,547,266,,,,890,,621,234,391,,514,1127,482,190,350,191,150,,326,547,263,156,,153,123,183,81,,510,,,257,128,,,,,408,,,1636,1366,58,,,,,,,,,280,450,179,112,258,,,,,,,,,,,294,,,146,,229,17,75,136,,,,,,,,,,192,,,,,,,,,,61,,,,,,,,52,,,,,,,,,172,,,,,,,,9,,,,,,145,,,,,133,,,,,,,,,,,,,,,,134,502,294,153,263,,405,,401,74,,,,,,,,,,,,,,,,321,,661,,366,388,,,223,361,79,,637,,,,,,,,,,,,,,,,,,,,,,,,,,,,,,,,,,,,,,,,,,,,,,,,,,,,,,,,,134,43,72,109,,64,338,456,309,,38,,178,48,191,,,,83,129,247,,,290,,263,,,143,872,,142,41,,0,338,,1178,307,,,,139,,,,,,,,,,,,,,,,,,,,,,,708,242,177,697,,227,21,149,273,103,118,196,44,31,117,217,255,221,,254,66,358,,190,251,28,,,,,,,,,,,,,,,,,,,,,,,,,,,,,,,,,,148,250,68,301,279,,516,,307,,93,191,165,65,67,300,188,476,244,,,58,,,,508,,,457,,182,,,,290,
2026-04-16T20:30:02+00:00,197,115,48,134,621,48,,220,297,201,,223,325,,,280,,,,,,469,443,461,,,103,,,115,982,,107,63,143,,,,,145,166,,,,,,,,,140,,327,,,,6,59,,90,,,15,77,237,,,85,47,,,,,352,,,158,281,293,,,199,,243,,,,,103,281,437,229,153,438,46,209,,,422,544,61,,253,280,461,,166,35,725,222,100,719,150,255,746,,3,,66,,,,,,,,,,,,,,,267,,,,,,,,,,,216,,,,,,,,,,,,,,,,246,467,549,284,,,,906,,626,281,400,,518,1131,497,193,362,198,,,329,551,269,158,,159,124,188,83,,,,,258,129,,,,,417,,,1637,,60,,,,268,,,,,283,451,181,113,264,,,,,,,,,,,297,,,150,,234,17,81,144,,,,,,,,451,,193,,,,,,114,136,,,62,,,,,,,,,,,,,,,,,181,,,,,,413,,11,,,,,,147,,,,,135,,,,,58,,,,,,,,,,,137,504,297,154,,,,,400,,,,,,,,,,,,,,,,319,324,408,663,319,371,401,126,,224,359,82,,792,,,,,,,,,,,,,,,,,,,,,,,,,,,,,,,,,,,,,,,,,,,,,,,,,,,,,,,,324,,,76,111,,,344,460,314,,,,180,,194,,,,81,156,256,,,,,276,,,,876,,143,,139,,360,,1193,323,309,115,,149,,,,,,,,,,,,,,,,,,,,,,,713,247,178,701,,239,,150,279,,121,197,48,37,126,225,266,,,267,67,360,,193,285,73,,,,,,,,,,,,,,,,,,,,,,,,,,,,,,,,,,164,292,72,317,280,97,521,,,309,94,193,,68,68,308,190,478,245,,,,,,,513,,,500,,,,,,309,
2026-04-16T20:45:02+00:00,200,215,51,,631,,,229,303,268,,233,335,,,285,,,,,,471,448,463,,,106,,,112,,,114,64,,,,,,146,,,95,,,,,,,,,324,47,,,9,58,16,99,,,,88,245,,231,84,50,,,,,353,,,160,288,302,,,,,248,,,,,128,295,444,238,163,454,61,213,,,439,,62,,260,290,478,,175,70,734,249,108,725,160,262,744,,,,72,,,,,,,,,,,,,,,272,,,,,532,,,,,185,219,,,,,,,,,,,,,,,,278,471,547,393,,,,934,432,629,307,,468,519,1136,538,,374,210,152,,331,556,280,170,,185,132,213,94,,514,,,262,148,,,,,435,,,1639,1368,,,,,271,,,,,286,463,184,122,278,,,,,,,,,,,310,,,156,,241,17,111,,,,,,,,,452,,,,,,,,,137,,,61,,,,,,,,,,,,,,,,,191,,,,,,414,,,115,133,,,,,,,,,138,,,,,,,,,,73,,,,,,141,510,298,173,265,,407,,401,,,,,,,,,,,,,,,,321,327,409,666,,372,430,127,,226,357,84,,902,,,,,,,,,,,,,,,,,,,,,,,,,,,,,,,,,,,,,,,,,,,,,,,,,,,,,,,,326,135,44,80,116,,,346,465,373,,,293,186,,205,,,,82,174,279,,,,172,281,,,,882,,,,140,,368,,1201,327,315,116,,158,,,,,,,,,,,,,,,,,,,,,,,715,252,185,703,,245,,,,,,,,,,,,,,,,,,,,,,,,,,,,,,,,,,,,,,,,,,,,,,,,,,,,,,174,329,76,330,281,96,523,,310,,96,192,167,71,,319,,479,244,,,,,,,512,130,,530,,183,,,,322,
2026-04-16T21:00:01+00:00,201,283,52,,632,47,,231,305,296,,237,336,,,289,,,,,,474,,465,,,,,,,983,,113,,,,,,,,,,94,,,,,,,,,,,,,,,17,102,,,14,91,250,,232,85,,,87,,,356,,,,289,312,,,202,,,,,,450,132,306,446,250,,461,69,214,96,,447,,,66,,299,489,,361,76,738,256,109,726,166,267,747,,2,153,70,,,,,,,,,,,,,,,281,,,,,535,,,,,184,221,,,,,,,,,,,,,,,,,,,,,,,,,,,,,,1140,556,,,214,,,332,561,287,175,,192,136,218,107,,,,,265,181,,,,,450,,,1640,1369,,,,443,273,,,,,,464,187,128,283,,,,,,,,,,,313,,,166,,260,17,139,148,,,,,,,,,,192,,,,,,,138,32,,,,,,,,,,,,,,,,,,,222,,,,,,412,,18,,141,,,,158,,,,,142,,,,,,,,,,,,,,,,146,513,,178,268,,422,,,,,,,,,,,,,,,,,,305,328,,667,323,371,450,128,,227,356,88,,1076,,,,,,,,,,,,,,,,,,,,,,,,,,,,,,,,,,,,,,,,,,,,,,,,,,,,,,,,333,,,81,117,,67,348,,385,,,,190,,209,,,,,175,281,,,,,286,,101,,,,,,143,,371,,1202,325,,123,,171,,,,,,,,,,,,,,,,,,,,,,,718,255,186,705,76,247,26,157,281,,128,199,53,25,149,231,295,225,,282,71,362,,,313,77,,,,,,,,,,,,,,,,,,,,,,,,,,,,,,,,,,181,343,83,343,282,,528,,,,98,194,170,80,69,396,193,,241,,,,,,,516,,,531,,,,,,329,
2026-04-16T21:15:01+00:00,204,289,,,634,,,238,,303,,241,343,,,323,,,,,,476,452,467,,,,,,111,984,,114,65,,,,,7,,,,93,,,,,,,,,,,,,8,,16,99,,,15,95,249,,,,,,,,,357,,,,290,335,,,201,,249,,,,,143,312,449,263,171,475,72,,222,,453,,61,109,267,301,499,,464,,743,264,,742,170,273,750,,,,76,,,,,,,,,,,,,,,289,,,,,536,,,,,183,,,,,,,,,,,,,,,,,294,469,,410,,,,970,433,633,333,404,,,1143,594,196,381,223,153,,,569,298,179,,195,139,220,113,,516,,,268,209,,,,,461,,,1641,,61,,,,,,,,,285,465,188,134,289,,,,,,,,,,,314,,,167,,262,17,141,,,,,,,,,453,,193,,,,,,113,137,,,,,,,,,,,,,,,,,,,,230,,,,,,413,,19,,145,,,,159,,,,,145,,,,,,,,,,,,,,,,149,518,,,269,,424,,,72,,,,,,,,,,,,,,,303,330,,670,,,453,127,,228,424,,,1232,,,,,,,,,,,,,,,,,,,,,,,,,,,,,,,,,,,,,,,,,,,,,,,,,,,,,,,,347,,46,,,153,66,349,466,391,,,291,,,213,,,,,187,283,,33,291,,287,,103,,883,,,43,,,375,,1205,326,317,,,182,,,,,,,,,,,,,,,,,,,,,,,741,257,187,,,252,,,,,129,201,55,23,151,235,307,226,,286,24,363,,,325,,,,,,,,,,,,,,,,,,,,,,,,,,,,,,,,,,,185,366,84,346,,,531,,314,,,195,172,83,76,413,,481,242,,,,,,,518,,,537,,,,,,333,
2026-04-16T21:30:02+00:00,205,291,,,636,,,241,306,306,,242,346,,,328,,,,,,478,453,,,,107,,,,,,,67,,,,,8,147,,,,,,,,,,,,,,,,,59,17,102,,,,97,248,,231,87,,,,,,359,,,,293,,,,,,,,,,452,153,318,451,273,176,484,74,,317,213,459,,62,115,270,310,509,,543,74,758,266,,768,178,298,755,,1,,79,,,,,,,,,,,,,,,292,,,,,,,,,,184,222,,,,,,,,,,,,,,,,295,470,548,418,,,,977,434,,353,405,,,1146,599,197,387,228,155,,333,568,,187,,198,145,222,115,,517,,,277,250,,,,,470,,,1643,1371,60,,,485,274,,,,,,468,191,137,297,,,,,,,,,,,317,,,,,264,17,143,,,,,,,,,,,,,,,,,114,138,,,,,131,,,,,,,,,,,,,,,237,,,,,,415,,,,147,,,,160,,,,,,,,,,,,,,,,,,,,,,,,181,,152,,,400,,,,,,,,,,,,,,,,304,334,,671,326,375,459,131,,227,428,,,1374,,,,,,,,,,,,,,,,,,,,,,,,,,,,,,,,,,,,,,,,,,,,,,,,,,,,,,,,350,136,,,,,,348,474,397,,,,192,,215,,,,,188,285,,34,,173,288,,104,,884,,,,,,380,,,329,321,,,192,,,,,,,,,,,,,,,,,,,,,,,742,259,,706,,256,,,283,104,,,57,20,156,238,308,229,,299,25,367,,,328,80,,,,,,,,,,,,,,,,,,,,,,,,,,,,,,,,,,190,377,,348,,,534,,317,,100,,,85,,415,,484,,,,,,,,521,,,543,,,,,,335,
2026-04-16T21:45:01+00:00,206,290,53,,641,,,244,,320,,250,349,,,,,,,,,483,,470,,,,,,,,,112,,,,,,,,,,,,,,,,,139,,,48,,,,,16,,,,16,101,,,,,,,,,,,,,,,,,,202,,,,,,,161,319,455,278,177,488,76,,325,,472,,,117,,315,514,256,640,,763,278,,771,183,301,756,,,,,,,,,,,,,,,,,,,299,,,,,,,,,,185,,,,,,,,,,,,,,,,,299,471,,422,,,,981,435,634,355,,,,1148,605,198,386,231,,,,569,300,193,,,146,,119,,519,,,278,258,,,,,477,,,1646,1372,,,,,275,,,,,,472,,142,302,,,,,,,,,,,,,,168,,266,17,145,,,,,,,,,454,,,,,,,,,139,,,,,132,,,,,,,,,,,,,,,249,,,,,,,,22,,,,,,161,,,,,,,,,,,,,,,,,,,,,,524,,187,271,,425,,399,73,,,,,,,,,,,,,,,307,338,,667,,376,467,132,,,432,89,,1379,,,,,,,,,,,,,,,,,,,,,,,,,,,,,,,,,,,,,,,,,,,,,,,,,,,,,,,,348,,47,82,,,,349,475,402,,,292,193,,,,,,,191,,,,,,,,,,885,42,,,146,,382,,1206,331,320,,203,196,,,,,,,,,,,,,,,,,,,,,,,,260,,707,77,257,,,,,,,,,,240,309,230,,,,366,,,327,,,,,,,,,,,,,,,,,,,,,,,,,,,,,,,,,,,192,386,,351,,,,,318,,,,,,,,,,244,,,,,,,522,,,544,,,,,,339,
2026-04-16T22:00:02+00:00,207,291,,,645,46,,245,,322,,256,350,,,330,,,,,,,452,471,,,,,,113,985,,,,,,,,,148,,,92,,,,,,,,,,,,,,,,,,,,102,199,,,,,,,,,357,,,,295,,,,,,,,,,,164,322,,285,178,489,77,,,,477,,,,272,318,522,,800,75,769,280,,782,186,302,757,,,154,80,,,,,,,,,,,,,,,300,,,,,,,,,,186,224,,,,,,,,,,,,,,,,300,473,,425,,,,984,,,356,404,,,1147,613,200,391,,,,,,303,195,,,147,,,,521,,,,260,,,,,479,,,1647,,,,,,276,,,,,286,,192,,304,,,,,,,,,,,,,,169,,,17,,,,,,,,,,,,,,,,,,113,140,,,63,,134,,,,,,,,,,,,,,,253,,,,,,,,23,,,,,,,,,,,,,,,,,,,,,,,,,,,,525,,,,,,,400,74,,,,,,,,,,,,,,,308,,,,327,,464,,,228,431,88,,1380,,,,,,,,,,,,,,,,,,,,,,,,,,,,,,,,,,,,,,,,,,,,,,,,,,,,,,,,,,,,,,,348,,405,,,291,194,,,,,,,,,,,292,174,,,105,,886,,,,,,388,,1208,330,321,125,,206,,,,,,,,,,,,,,,,,,,,,,,,,189,,,258,27,158,286,105,128,,,25,159,245,314,231,,301,,367,,,329,,,,,,,,,,,,,,,,,,,,,,,,,,,,,,,,,,,,393,,354,,,,,,,,,,,77,416,,,,,,,,,,,,,549,,,,,,340,
2026-04-16T22:15:01+00:00,206,,,135,647,48,,246,307,324,,,,,,333,,,,,,485,,,,,,,,114,986,27,,68,,,,,,150,,,,,38,,,,,,,325,,,,9,,,,,,,103,198,,,,,,,,,358,,,,,,,,,,,,,,,165,323,456,,,495,,,328,,480,,,,273,319,526,,802,,770,281,,783,187,,755,,,,82,,,,,,,,,,,,,,,303,,,,,535,,,,,,,,,,,,,,,,,,,,,,301,475,,,,,,,436,635,359,405,,518,1149,614,,393,236,159,,244,,,198,458,199,148,223,122,,,,,,268,,,,,496,,,1646,1374,62,,,,,,,,,287,474,,143,307,,,,,,,,,,,,103,,170,,263,17,147,,,,,,,,,,,,,,,,,114,,,,,,,,,,,,,,,,,,,,,251,,,,,,,,,,,,,,,,,,,144,,,,,,,,,,,,,,,,,526,,,,,,,401,,,,,,,,,,,,,,,,309,339,,668,,377,480,,,,433,89,,1381,,,,,,,,,,,,,,,,,,,,,,,,,,,,,,,,,,,,,,,,,,,,,,,,,,,,,,,,,,,83,,,,,477,,,,,,,,,,,,,,,,,175,,,,144,887,,,,,,,,1207,,,,,210,,,,,,,,,,,,,,,,,,,,,,,743,,,,,,,155,,,130,,,,163,246,316,237,,310,59,366,,,332,,,,,,,,,,,,,,,,,,,,,,,,,,,,,,,,,,,112,401,,356,,,,,,,,,171,,,,,,245,,,,,,,,,,,,,,,,342,
2026-04-16T22:30:01+00:00,205,292,,,,49,,247,,323,,257,352,,,337,,,,,,,,,,,,,,,990,,,67,,,,,,,,,,,,,,,,,,,,,,10,,,,,,,106,,,,,,,,,,359,,,,,,,,,,,,,,,167,325,,287,180,498,78,,329,,483,543,,,274,,529,,,76,,,,786,189,304,759,,,,83,,,,,,,,,,,,,,,305,,,,,,,,,,,223,,,,,,,,,,,,,,,,,474,,,,,,989,,,,,,519,1150,617,,395,238,161,,245,,304,,,,,,,,,,,,,,,,,500,,,,,,,,516,277,,,,,288,,,144,308,,,,,,,,,,,,,,,,266,17,148,,,,,,,,,,,,,,,,,,,,,64,,,,,,,,,,,,,,,,,259,,,,,,,,,,,,,,,,,,,,,,,,,,,,,,,,,,,,,,,,,,,,,,,,,,,,,,,,,,,,340,,,,,482,,,,,,,,,,,,,,,,,,,,,,,,,,,,,,,,,,,,,,,,,,,,,,,,,,,,,,,,,,,,,,,352,,,84,118,,,,,407,,,,192,,,,,,,,,,,,176,,,106,,,,,,,,,,,,,,,,,,,,,,,,,,,,,,,,,,,,,,747,,191,,,259,,,,,,,,28,,250,320,241,,312,,368,,,333,,,,,,,,,,,,,,,,,,,,,,,,,,,,,,,,,,,113,409,,358,,,,,,,,,,,,417,,,,,,,,,,523,,,,,,,,,,
2026-04-16T22:45:02+00:00,206,,,,,50,,,306,325,,258,353,,,,,,,,,,,,,,106,,,113,989,,114,,,,,,,151,,,,,39,,,,,,,,,,,12,61,,,,,,107,,,,,51,,,,,360,,,159,,,,,,,,,,,453,168,316,457,,179,499,,,,,485,544,,,,318,530,,,,771,,,,190,306,758,,,,82,,,,,,,,,,,,,,,308,,,,,,,,,,187,,,,,,,,,,,,,,,,,302,472,,427,,,,,,,,,,518,1154,622,,398,239,162,334,246,,,,,,149,224,,,,,,,270,,,,,505,,,,1376,,,,,,,,,,290,,,,,,,,,,,,,,,,,,,,269,17,149,,,,,,,,,,,,,,,,,,,,,63,,,,,,,,,,,,,,,,,264,,,,,,,,,,,,,,,,,,,143,,,,,,,,,,,,,,,,,529,,,,,,,,,,,,,,,,,,,,,,,,,,,326,378,489,,,,432,,,,,,,,,,,,,,,,,,,,,,,,,,,,,,,,,,,,,,,,,,,,,,,,,,,,,,,,,,,,,,,,,,,,406,,,,193,,,,,,,,,,,,,,,,,888,,,,,,,,,,,,,,,,,,,,,,,,,,,,,,,,,,,,,261,,,,,28,,,106,,,,,,,321,,,315,,,,,335,,,,,,,,,,,,,,,,,,,,,,,,,,,,,,,,,,,,411,,359,,,,,,,,,172,,78,418,,,,,,,,,,524,,,,,,,,,344,
2026-04-16T23:00:01+00:00,,,,,,,,254,,,,,352,,,,,,,,,,453,,,,,,,114,990,,115,,,,,,,,,,,,,,,,,,,,49,,,,,,,,,,,,,,,,,,,,361,,,,296,,,,,,,,,,,171,317,,288,,504,79,,,,489,,61,119,276,319,534,,805,77,779,282,,788,196,307,761,,,,83,,,,,,,,,,,,,,,309,,,,,,,,,,,,,,,,,,,,,,,,,,,,475,,,,,,990,,637,,404,,,1155,623,201,402,,,,,,,199,,,,,,,,,,,,,,,,,,,,,,,,,,,,,,291,,,,,,,,,,,,,,,,,,,,,17,151,,,,,,,,,,,,,,,,,,139,,,,,,,,,,,,,,,,,,,,270,,,,,,,,,,,,,,,,,,,,,,,,,,,,,,,,,,,150,,,,,,426,,,,,,,,,,,,,,,,,,,,,,,,494,,,,,,,,,,,,,,,,,,,,,,,,,,,,,,,,,,,,,,,,,,,,,,,,,,,,,,,,,,,,,,,357,,,,,,,346,478,408,,,292,,,,,,,,,,,,,,,,,,889,,,44,,,,,,,,,,,,,,,,,,,,,,,,,,,,,,,,,,,192,,76,,,,,,,,,,164,251,322,,,317,69,367,,,338,,,,,,,,,,,,,,,,,,,,,,,,,,,,,,,,,,,,422,,360,,,,,,308,,,173,,,417,,,,,,,,,,526,,,,,,,,,,
2026-04-16T23:15:01+00:00,220,,,,,,,,,,,264,,,,,,,,,,,,,,,105,,,,991,,,,,,,,,,167,,,,,,,,,140,,324,,,,17,,,104,,,,109,,,,,,,,,,363,,,,,,,,,,,,,,,,,,,180,505,,,330,,490,,,,,,,,804,,780,,,,197,308,,,,,,,,,,,,,,,,,,,,310,,,,,,,,,,188,,,,,,,,,,,,,,,,,,,,,,,,,,,,,,519,1157,,202,404,245,,,,,,,,,,,,,,,,279,272,,,,,,,,,1377,,,,521,,,,,,292,,,146,,,,,,,,,,,,,,,,,270,17,,,,,,,,,,,,,,,,,,,140,,,64,,,,,,,,,,,,,,,,,273,,,,,,,,,,,,,,,,,,,,,,,,59,,,,,,,,,,,,530,,188,,,,,,,,,,,,,,,,,,,,,,,,,,,501,,,,,,,,,,,,,,,,,,,,,,,,,,,,,,,,,,,,,,,,,,,,,,,,,,,,,,,,,,,,,,,358,,,,,,,347,479,,,,,,47,,,,,,,,,,,,,,,,,,,46,149,,395,,1208,341,,127,,225,,,,,,,,,,,,,,,,,,,,,,,748,,194,,,,,156,,,,,,29,166,250,,,,318,73,368,,,340,,,,,,,,,,,,,,,,,,,,,,,,,,,,,,,,,,,,432,,361,,,,,,,,,,,,,,,,,,,,,,,,,,,,,,,,
2026-04-16T23:30:02+00:00,223,,,,,,,,,,,265,,,,,,,,,,,,,,,,,,,992,,,,,,,,,,,,,,,,,,,,,325,,,,,,,103,,,,110,,,,,,,,,,,,,,,,,,,,,,,,,,319,456,,183,506,,,,,494,,,,274,,539,255,,,781,,108,789,199,309,764,,,,,,,,,,,,,,,,,,,311,,,,,,,,,,,224,,,,,,,,,,,,,,,,,474,,,,,,,,,,405,,,,624,,,247,,,,,,201,,,,,,,522,,,,273,,,,,504,,,,,,,,523,279,,,,,,,,,311,,,,,,,,,,,,,,,,272,17,,,,,,,,,,453,,,,,,,,,,,,63,,,,,,,,,,,,,,,,,271,,,,,,,,24,,,,,,,,,,,144,,,,,,,,,,,,,,,,,,,,,,,,,,,,,,,,,,,,,,,,,,,,,,507,,,,,,,,,,,,,,,,,,,,,,,,,,,,,,,,,,,,,,,,,,,,,,,,,,,,,,,,,,,,,,,,,,,,,,,478,,,,,194,,,,,,,,,,,,,,,107,,,,,,,,,,,,,,,,,,,,,,,,,,,,,,,,,,,,,,,262,,,,260,,,,,,,,,,251,,242,,,,,,,341,,,,,,,,,,,,,,,,,,,,,,,,,,,,,,,,,,,,437,,,,,,,,309,,,,,,,,,,,,,,,,,,,548,,,,,,,
2026-04-16T23:45:01+00:00,,,,,,,,,,,,,,,,,,,,,,,,,,,,,,,,,114,,,,,,,,,,,,,,,,,,,,,,,,,,104,,,,111,,,,,,,,,,,,,158,297,,,,,,,,,,,173,,457,,,,78,,,,,,,,275,321,538,,,,784,,,,202,,,,,,,,,,,,,,,,,,,,,313,,,,,,,,,,,,,,,,,,,,,,,,,,,,475,,,,,,991,,,,406,,,,625,204,407,,163,,,,,200,,,,,,,,,,,274,,,,,505,,,,,63,,,,280,,,,,,,,147,312,,,,,,,,,,,,,,,,273,17,,,,,,,,,,,,,,,,,,,,,,,,,,,,,,,,,,,,,,,,,,,,,,,,,,,,,,,,,,143,,,,,,,,,,,,,,,,,,,,,,,,,,,,,,,,,,,,,,,,,,,667,,,514,,,,,,,,,,,,,,,,,,,,,,,,,,,,,,,,,,,,,,,,,,,,,,,,,,,,,,,,,,,,,,,,,,,,,,,479,,,,293,,,,,,,,,,,,,,,,,,,,,,,,,,,,,,,,,,,,,,,,,,,,,,,,,,,,,,750,,,,,,,157,,,,,,,,250,323,,,320,,,,,344,,,,,,,,,,,,,,,,,,,,,,,,,,,,,,,,,,,,443,,,,,535,,,,,,,,,,,,244,,,,,,,,,,,,,,,,,
