timestamp,baden-baden-parken-Badergarage,baden-baden-parken-Beethovenstrasse,baden-baden-parken-Cineplex,baden-baden-parken-City-Garage,baden-baden-parken-Festspielhaus,baden-baden-parken-Kongress,baden-baden-parken-Kurhaus,baden-baden-parken-Oos-Sud,baden-baden-parken-Oos-West,baden-baden-parken-Vincentigarage,baden-baden-parken-Wagener-Galerie,bonn-bcp-parken-Rabinstrasse,bonn-bcp-parken-beethoven,bonn-bcp-parken-beetplatz,bonn-bcp-parken-bike-ride,bonn-bcp-parken-friedensplatz,bonn-bcp-parken-hauptbahnhof,bonn-bcp-parken-karstadt,bonn-bcp-parken-markt,bonn-bcp-parken-muensterplatz,bonn-bcp-parken-operngarage,bonn-bcp-parken-rheinaue,bonn-bcp-parken-stadthaus,bonn-bcp-parken-unigarage,braunschweig-parken-Parkhaus-Eiermarkt,braunschweig-parken-Parkhaus-Forschungsflughafen,braunschweig-parken-Parkhaus-Lange-Str-Nord,braunschweig-parken-Parkhaus-Lange-Str-Sud,braunschweig-parken-Parkhaus-Magni,braunschweig-parken-Parkhaus-Ring-Center,braunschweig-parken-Parkhaus-Schloss,braunschweig-parken-Parkhaus-Schutzenstrasse,braunschweig-parken-Parkhaus-Steinstrasse,braunschweig-parken-Parkhaus-Wallstrasse,braunschweig-parken-Parkhaus-Wilhelmstrasse,dresden-parken-Altmarkt,dresden-parken-Altmarkt-Galerie,dresden-parken-Ammonstrasse-Bus,dresden-parken-An-der-Frauenkirche,dresden-parken-Bahnhof-Neustadt,dresden-parken-Bluherstrasse,dresden-parken-Budapester-Strasse,dresden-parken-Centrum-Galerie,dresden-parken-Cossebaude,dresden-parken-Ferdinandplatz,dresden-parken-Fidelio-F-Finke-Strasse,dresden-parken-Frauenkirche-Neumarkt,dresden-parken-Freiberger-Platz,dresden-parken-GALERIA-Karstadt-Kaufhof,dresden-parken-Gompitz,dresden-parken-Grenzstrasse,dresden-parken-Haus-am-Zwinger,dresden-parken-Kaditz,dresden-parken-Klotzsche,dresden-parken-Kongresszentrum,dresden-parken-Kraftwerk-Mitte,dresden-parken-Langebruck,dresden-parken-Lindengasse,dresden-parken-Lingnerallee,dresden-parken-MESSE-DRESDEN-Parkplatz-P7,dresden-parken-Ostra-Allee,dresden-parken-Ostra-Ufer,dresden-parken-Palaisplatz,dresden-parken-Parkhaus-Mitte,dresden-parken-Pennrich,dresden-parken-Pieschener-Allee-Bus,dresden-parken-Pirnaische-Strasse,dresden-parken-Pirnaischer-Platz,dresden-parken-Prohlis,dresden-parken-Reick,dresden-parken-Reitbahnstrasse,dresden-parken-SP1-Strassburger-Platz,dresden-parken-SachsenEnergie-Center,dresden-parken-Sarrasanistrasse,dresden-parken-Schiessgasse,dresden-parken-Semperoper,dresden-parken-Stadtforum-Dresden,dresden-parken-Strehlener-Strasse,dresden-parken-Taschenbergpalais,dresden-parken-Theresienstrasse,dresden-parken-Weissig,dresden-parken-Weixdorf-Bad,dresden-parken-Wiener-Platz-Hauptbahnhof,dresden-parken-Wiesentorstrasse,dresden-parken-Wigardstrasse,dresden-parken-Wohrl-Florentinum,dresden-parken-World-Trade-Center,heilbronn-parken-Am-Bollwerksturm,heilbronn-parken-Bildungscampus-Mitte,heilbronn-parken-Bildungscampus-Ost,heilbronn-parken-E-Quartiersgarage-Neckarbogen,heilbronn-parken-Harmonie,heilbronn-parken-Kathchenhof,heilbronn-parken-Kiliansplatz,heilbronn-parken-P-R-Karlsruher-Strasse,heilbronn-parken-Parkhaus-Experimenta,heilbronn-parken-Parkplatz-Hauptbahnhof,heilbronn-parken-Stadtgalerie,heilbronn-parken-Theaterforum-K3,heilbronn-parken-Wollhaus,ingolstadt-parken-Arena,ingolstadt-parken-Congressgarage,ingolstadt-parken-Festplatz,ingolstadt-parken-Hallenbad,ingolstadt-parken-Hauptbahnhof-Ost,ingolstadt-parken-Hauptbahnhof-West,ingolstadt-parken-Munster,ingolstadt-parken-Nordbahnhof,ingolstadt-parken-Reduit-Tilly,ingolstadt-parken-Schloss,ingolstadt-parken-Theater-Ost,ingolstadt-parken-Theater-West,kiel-parken-Adelheidstrasse,kiel-parken-Altstadt,kiel-parken-Arena-Parken,kiel-parken-Bei-den-Gerichten,kiel-parken-Bergstrasse,kiel-parken-CAP,kiel-parken-Dreiecksplatz,kiel-parken-Exerzierplatz,kiel-parken-Forde-Parkhaus,kiel-parken-Gaarden,kiel-parken-Holstenstrasse-I,kiel-parken-Holstenstrasse-II,kiel-parken-Hotel-Steigenberger-Conti-Hansa,kiel-parken-Jensendamm,kiel-parken-Karstadt-Sophienblatt,kiel-parken-Ostseekai-Nord,kiel-parken-Ostseekai-Sud,kiel-parken-Querpassage,kiel-parken-Schlossgarage,kiel-parken-Sophienhof-Parkhaus,kiel-parken-ZOB,koeln-apps-parken-Alte-Wallgasse,koeln-apps-parken-Altstadt-Nord-P7,koeln-apps-parken-Am-Neumarkt,koeln-apps-parken-An-Farina,koeln-apps-parken-BP-Lungengasse,koeln-apps-parken-Bazaar-de-Cologne,koeln-apps-parken-Bruck-Mauspfad,koeln-apps-parken-Bruckenstrasse,koeln-apps-parken-Cacilienstrasse,koeln-apps-parken-Dom,koeln-apps-parken-Gross-St-Martin,koeln-apps-parken-Gurzenich,koeln-apps-parken-Hauptbahnhof,koeln-apps-parken-Heumarkt,koeln-apps-parken-Hohe-Strasse,koeln-apps-parken-Im-Klapperhof,koeln-apps-parken-KSK-Richmodstr-geschlosssen,koeln-apps-parken-Kaiser-Wilhelm-Ring,koeln-apps-parken-Karstadt,koeln-apps-parken-Kaufhof,koeln-apps-parken-Koln-Arcaden,koeln-apps-parken-Lanxess-Arena-P1,koeln-apps-parken-Lanxess-Arena-P2,koeln-apps-parken-Lanxess-Arena-P3,koeln-apps-parken-Lanxess-Arena-P4,koeln-apps-parken-Maastrichter-Strasse,koeln-apps-parken-Maritim,koeln-apps-parken-Marsdorf-P-R,koeln-apps-parken-Mediapark,koeln-apps-parken-Opern-Passagen,koeln-apps-parken-P-R-Stadion-P2,koeln-apps-parken-Philharmonie,koeln-apps-parken-Quincy,koeln-apps-parken-REWE-City,koeln-apps-parken-Ringkarree,koeln-apps-parken-Rudolfplatz,koeln-apps-parken-Schildergasse,koeln-apps-parken-Sparkasse-Schaafenstr-geschlossen,koeln-apps-parken-Stadion-P1,koeln-apps-parken-Stadion-P3,koeln-apps-parken-Stadion-P4,koeln-apps-parken-Stadion-P6,koeln-apps-parken-Stadion-P7,koeln-apps-parken-Stadion-P8-Bus,koeln-apps-parken-Stadion-P8-PKW,koeln-apps-parken-Theater-Krebsgasse,koeln-apps-parken-Wolfsstrasse,koeln-apps-parken-Zoo,konstanz-parken-Altstadt,konstanz-parken-Augustiner,konstanz-parken-Benediktiner,konstanz-parken-Bodenseeforum,konstanz-parken-Dobele,konstanz-parken-Fernbusbahnhof,konstanz-parken-Fischmarkt,konstanz-parken-Lago,konstanz-parken-Seerheincenter,mobil-potsdam-parken-Am-Kanal,mobil-potsdam-parken-Bahnhofspassagen-1,mobil-potsdam-parken-Bahnhofspassagen-2,mobil-potsdam-parken-Biosphare-Potsdam-Volkspark,mobil-potsdam-parken-Hollandisches-Viertel-Klinikum,mobil-potsdam-parken-Industrie-und-Handelskammer,mobil-potsdam-parken-Karstadt-Zentrum,mobil-potsdam-parken-Krongut-Bornstedt,mobil-potsdam-parken-Luisenplatz,mobil-potsdam-parken-Lustgarten,mobil-potsdam-parken-Markt-Center,mobil-potsdam-parken-Neuer-Garten-Cecilienhof,mobil-potsdam-parken-P-R-Bahnhof-Golm,mobil-potsdam-parken-P-R-Bahnhof-Griebnitzsee,mobil-potsdam-parken-P-R-Bahnhof-Marquardt,mobil-potsdam-parken-P-R-Bahnhof-Pirschheide,mobil-potsdam-parken-P-R-Campus-Jungfernsee,mobil-potsdam-parken-P-R-Rehbrucke,mobil-potsdam-parken-P-R-Wetzlarer-Strasse,mobil-potsdam-parken-Park-Sanssouci-P1-Historische-Muhle,mobil-potsdam-parken-Park-Sanssouci-P2-Voltaireweg,mobil-potsdam-parken-Park-Sanssouci-P3-Am-Neuen-Palais,mobil-potsdam-parken-Parkplatz-Schloss-und-Park-Babelsberg,mobil-potsdam-parken-Schiffbauergasse-Hans-Otto-Theater,mobil-potsdam-parken-Sportpark-Luftschiffhafen,mobil-potsdam-parken-Weberpark,mobil-potsdam-parken-Wilhelmgalerie,mobilitaet-jena-Am-Anger,mobilitaet-jena-Am-Gries,mobilitaet-jena-Am-Planetarium,mobilitaet-jena-Am-Stadion,mobilitaet-jena-August-Bebel-Strasse,mobilitaet-jena-Bachstrasse,mobilitaet-jena-Busbahnhof,mobilitaet-jena-City-Carree,mobilitaet-jena-Eichplatz,mobilitaet-jena-Eisenbahndamm,mobilitaet-jena-Gartenstrasse,mobilitaet-jena-Goethe-Galerie,mobilitaet-jena-Grietgasse,mobilitaet-jena-Haeckelplatz,mobilitaet-jena-Holzmarkt,mobilitaet-jena-Krautgasse,mobilitaet-jena-Lessingstrasse,mobilitaet-jena-Neue-Mitte,mobilitaet-jena-Paradiesbahnhof,mobilitaet-jena-Philosophenweg,mobilitaet-jena-Roland-Ducke-Weg,mobilitaet-jena-Schlossgasse,mobilitaet-jena-Seidelparkplatz,mobilitaet-jena-Seidelstrasse,mobilitaet-jena-Semmelweissstrasse,mobilitaet-jena-Sophienstrasse,mobilitaet-jena-Spitzweidenweg,mobilitaet-jena-Steinkreuz,mobilitaet-jena-Wagnergasse,mobilitaet-jena-Wiesenstrasse,mobilitaet-jena-Windberg,mobilitaet-jena-Wollnitzer-Strasse,mobilitaet-jena-Ziegelmuhlenweg,oldenburg-service-parken-Altes-Gymnasium,oldenburg-service-parken-CCO-Parkdeck-1,oldenburg-service-parken-CCO-Parkdeck-2,oldenburg-service-parken-City-Parkhaus-Staulinie,oldenburg-service-parken-Parkhaus-Alter-Stadthafen-Cinemaxx,oldenburg-service-parken-Parkhaus-Am-Waffenplatz,oldenburg-service-parken-Parkhaus-August-Carree,oldenburg-service-parken-Parkhaus-Bahnhof-ZOB,oldenburg-service-parken-Parkhaus-Galeria-Kaufhof,oldenburg-service-parken-Parkhaus-Heiligengeist-Hoefe,oldenburg-service-parken-Parkhaus-Schlosshoefe,oldenburg-service-parken-Parkhaus-Theatergarage,oldenburg-service-parken-Parkplatz-Pferdemarkt,oldenburg-service-parken-Parkplatz-Theaterwall,oldenburg-service-parken-Ratsherren,parken-in-bochum-P1-Husemannplatz,parken-in-bochum-P2-Dr-Ruer-Platz,parken-in-bochum-P3-Rathaus-BVZ,parken-in-bochum-P5-Bruckstrasse,parken-in-bochum-P6-Hauptbahnhof-Buddenbergplatz,parken-in-bochum-P7-Kurt-Schumacher-Platz,parken-in-bochum-P8-Konrad-Adenauer-Platz-Bermuda3Eck,parken-in-bochum-P9-Schauspielhaus,parken-in-bochum-PH-Alter-Markt-Wattenscheid,parken-in-bochum-PH-Bochumer-Fenster,parken-in-bochum-PH-Husemann-Karree,parken-in-bochum-PH-Massenbergstrasse,parken-in-bochum-PH-Stadionring,parken-in-bochum-PH-Westpark-Jahrhunderthalle,parken-luebeck-Am-Bahnhof-Handelshof,parken-luebeck-Am-Burgfeld,parken-luebeck-Am-Burgtor,parken-luebeck-Am-Fischereihafen,parken-luebeck-Am-Holstentor,parken-luebeck-Am-Leuchtenfeld-Leuchtturm,parken-luebeck-Backbord,parken-luebeck-Bahnhof,parken-luebeck-Bauhof,parken-luebeck-BeachBay-Priwall,parken-luebeck-Beckergrube,parken-luebeck-Bruckenweg,parken-luebeck-Burgstrasse,parken-luebeck-Cityparkhaus-Huxstrasse,parken-luebeck-Fahrhafenvorplatz,parken-luebeck-Fahrstrasse,parken-luebeck-Falkenstrasse,parken-luebeck-Godewind,parken-luebeck-Haerder-Center,parken-luebeck-Hafenbahnhof,parken-luebeck-Huxterdamm,parken-luebeck-Kanalstrasse-P1,parken-luebeck-Kanalstrasse-P2,parken-luebeck-Kanalstrasse-P3,parken-luebeck-Kanalstrasse-P4,parken-luebeck-Kanalstrasse-P5,parken-luebeck-Kanalstrasse-Strassenrand,parken-luebeck-Kirchenstrasse,parken-luebeck-Konrad-Adenauer-IHK,parken-luebeck-Konrad-Adenauer-Strasse-Bahnbrucke-IHK,parken-luebeck-Kowitzberg,parken-luebeck-Kurgartenstrasse,parken-luebeck-Lastadie-P1,parken-luebeck-Lastadie-P3,parken-luebeck-Lastadie-P5,parken-luebeck-Leuchtenfeld,parken-luebeck-Linden-Arcaden,parken-luebeck-Maritim-Strandhotel-Travemunde,parken-luebeck-Marlesgrube,parken-luebeck-Mitte,parken-luebeck-Mowenstein,parken-luebeck-MuK,parken-luebeck-Muhlendamm,parken-luebeck-Muhlenstrasse,parken-luebeck-Mullergarten,parken-luebeck-Musterbahn,parken-luebeck-Obertrave,parken-luebeck-Parade,parken-luebeck-Parkallee,parken-luebeck-Parkplatz-vor-dem-PH-Burgtor,parken-luebeck-Paul-Brummer-Strasse,parken-luebeck-Pferdemarkt,parken-luebeck-Priwall,parken-luebeck-Radisson-Blu,parken-luebeck-Retteich-Hermann-Lange-Strasse,parken-luebeck-Roeckstrasse,parken-luebeck-Rose,parken-luebeck-St-Marien,parken-luebeck-Strandbahnhof,parken-luebeck-Trelleborgallee,parken-luebeck-Untertrave,parken-luebeck-Verwaltungszentrum-Muhlentor,parken-luebeck-Vogteistrasse,parken-luebeck-Wallstrasse,parken-luebeck-Werner-Kock-Strasse,parken-osnabrueck-11,parken-osnabrueck-13,parken-osnabrueck-16,parken-osnabrueck-17,parken-osnabrueck-18,parken-osnabrueck-19,parken-osnabrueck-21,parken-osnabrueck-22,parken-osnabrueck-23,parken-osnabrueck-24,parken-osnabrueck-25,parken-osnabrueck-26,parken-osnabrueck-27,parken-osnabrueck-28,parken-osnabrueck-29,parken-osnabrueck-30,parken-osnabrueck-31,parken-osnabrueck-32,parken-osnabrueck-33,parken-osnabrueck-34,parken-osnabrueck-35,parken-osnabrueck-36,parken-osnabrueck-37,parken-osnabrueck-38,parken-osnabrueck-39,parken-osnabrueck-40,parken-osnabrueck-41,parken-osnabrueck-43,parken-osnabrueck-44,parken-osnabrueck-45,parken-osnabrueck-47,parken-osnabrueck-49,parken-osnabrueck-50,parken-osnabrueck-51,regensburg-parken-Park-Ride-Parkplatz-Unterer-Wohrd,regensburg-parken-Park-Ride-Parkplatz-West,regensburg-parken-Parkhaus-Dachauplatz,regensburg-parken-Parkhaus-Dallmeier,regensburg-parken-Parkhaus-Regensburg-Arcaden,regensburg-parken-Parkhaus-St-Peters-Weg,regensburg-parken-Parkplatz-Dultplatz,regensburg-parken-Tiefgarage-Arnulfsplatz,regensburg-parken-Tiefgarage-Hauptbahnhof-Castra-Regina-Center,regensburg-parken-Tiefgarage-am-Theater-Bismarckplatz,reutlingen-parken-Am-Bahnhof,reutlingen-parken-Bahnhof,reutlingen-parken-Echaz-Zentrum,reutlingen-parken-Galeria-Kaufhof,reutlingen-parken-Gartentor-C-A-Mode,reutlingen-parken-Gartenviertel,reutlingen-parken-Kaiserpassage,reutlingen-parken-Klinikum-I,reutlingen-parken-Klinikum-II,reutlingen-parken-Konrad-Adenauer-Strasse-Eberhardstrasse,reutlingen-parken-Kronprinzenbau,reutlingen-parken-Lederstrasse,reutlingen-parken-Nordstern,reutlingen-parken-Obere-Wassere,reutlingen-parken-Parkgarage-Leonhardsplatz,reutlingen-parken-Parkhaus-Pomologie,reutlingen-parken-Rathaus-Tubinger-Tor,reutlingen-parken-Stadthalle,reutlingen-parken-Stadtmitte,reutlingen-parken-Unter-den-Linden,reutlingen-parken-Volksbank,sw-bielefeld-parken-Parkhaus-Am-Hauptbahnhof,sw-bielefeld-parken-Parkhaus-Am-Jahnplatz,sw-bielefeld-parken-Parkhaus-Am-Zwinger,sw-bielefeld-parken-Parkhaus-Ankergarten,sw-bielefeld-parken-Parkhaus-Bahnhofsviertel-1,sw-bielefeld-parken-Parkhaus-Bahnhofsviertel-2,sw-bielefeld-parken-Parkhaus-Centrum,sw-bielefeld-parken-Parkhaus-Karstadt,sw-bielefeld-parken-Parkhaus-LOOM,sw-bielefeld-parken-Parkhaus-Ritterstrasse,sw-bielefeld-parken-Parkhaus-Stadthalle,sw-bielefeld-parken-Parkpalette-Hermann-Delius-Strasse,sw-bielefeld-parken-Parkplatz-Friedenstrasse,sw-bielefeld-parken-Parkplatz-Grosse-Kurfursten-Str,sw-bielefeld-parken-Parkplatz-Hbf,sw-bielefeld-parken-Parkplatz-Herforder-Str,sw-bielefeld-parken-Parkplatz-Kunsthalle,sw-bielefeld-parken-Parkplatz-Mercatorstr,sw-bielefeld-parken-Parkplatz-Niederwall,sw-bielefeld-parken-Parkplatz-Teutoburger-Strasse,sw-bielefeld-parken-Parkplatz-Zentrum,sw-bielefeld-parken-Parkplatze-Werner-Bock-Strasse,sw-bielefeld-parken-Seidenstickerhalle,sw-bielefeld-parken-Tiefgarage-Altstadt-Carre,sw-bielefeld-parken-Tiefgarage-Am-Theater,sw-bielefeld-parken-Tiefgarage-Kesselbrink,sw-bielefeld-parken-Tiefgarage-Marktpassage-nicht-fur-gasbetriebene-Fahrzeuge,sw-bielefeld-parken-Tiefgarage-Neues-Rathaus,sw-bielefeld-parken-Tiefgarage-Welle,sw-bielefeld-parken-Tiefgarage-Willy-Brandt-Platz,sw-bielefeld-parken-Tiefgarage-und-Parkpalette-CineStar,swt-trier-parken-Basi,swt-trier-parken-City,swt-trier-parken-Hauptm,swt-trier-parken-Kons,swt-trier-parken-Osta,swt-trier-parken-Vieh,tiefbauamt-nuernberg-parken-ADCOM-Center,tiefbauamt-nuernberg-parken-Adlerstrasse,tiefbauamt-nuernberg-parken-City-Park-Center,tiefbauamt-nuernberg-parken-Erler-Klinik,tiefbauamt-nuernberg-parken-Findelgasse,tiefbauamt-nuernberg-parken-Galeria-Kaufhof,tiefbauamt-nuernberg-parken-Hans-Sachs-Platz,tiefbauamt-nuernberg-parken-Hauptbahnhof,tiefbauamt-nuernberg-parken-Hauptmarkt,tiefbauamt-nuernberg-parken-Jakobsmarkt,tiefbauamt-nuernberg-parken-Katharinenhof,tiefbauamt-nuernberg-parken-PH-Nurnberger-Akademie,tiefbauamt-nuernberg-parken-Parkhaus-City-Point,tiefbauamt-nuernberg-parken-Parkhaus-Karstadt,tiefbauamt-nuernberg-parken-Parkhaus-Maximum,tiefbauamt-nuernberg-parken-Parkhaus-Wohrl,tiefbauamt-nuernberg-parken-Parkhausname,tiefbauamt-nuernberg-parken-Sebalder-Hofe,tiefbauamt-nuernberg-parken-Sterntor,tiefbauamt-nuernberg-parken-Theater,vmz-bremen-parken-Am-Bahnhof,vmz-bremen-parken-Am-Brill,vmz-bremen-parken-Am-Dom,vmz-bremen-parken-Am-Kuhhirten,vmz-bremen-parken-Am-Sedanplatz,vmz-bremen-parken-Am-Vegesacker-Hafen,vmz-bremen-parken-Am-Wall,vmz-bremen-parken-Aumunder-Markplatz,vmz-bremen-parken-Beckersweide,vmz-bremen-parken-Burgerweide,vmz-bremen-parken-Burgerweide-Klangbogen,vmz-bremen-parken-City-Gate,vmz-bremen-parken-Fresenbergstrasse-P1,vmz-bremen-parken-Fresenbergstrasse-P2,vmz-bremen-parken-Herdentor-Rembertiring,vmz-bremen-parken-Hillmannplatz,vmz-bremen-parken-Im-Pohl,vmz-bremen-parken-Katharinenklosterhof,vmz-bremen-parken-Kunstlerhaus-Guterbahnhof,vmz-bremen-parken-Lubecker-Strasse,vmz-bremen-parken-Messe-Parkhaus,vmz-bremen-parken-Mitte,vmz-bremen-parken-Ortsamt-Blumenthal,vmz-bremen-parken-Ostertor-Kulturmeile,vmz-bremen-parken-Pressehaus,vmz-bremen-parken-Rowekamp-Metropol-Theater,vmz-bremen-parken-Sagerstr,vmz-bremen-parken-Silbermannstrasse,vmz-bremen-parken-Stephani,vmz-bremen-parken-Uberseestadt,vmz-bremen-parken-Weserstadion,vtmanager-duesseldorf-parken-PH-01,vtmanager-duesseldorf-parken-PH-02,vtmanager-duesseldorf-parken-PH-03,vtmanager-duesseldorf-parken-PH-04,vtmanager-duesseldorf-parken-PH-06,vtmanager-duesseldorf-parken-PH-08,vtmanager-duesseldorf-parken-PH-09,vtmanager-duesseldorf-parken-PH-10,vtmanager-duesseldorf-parken-PH-11,vtmanager-duesseldorf-parken-PH-12,vtmanager-duesseldorf-parken-PH-13,vtmanager-duesseldorf-parken-PH-16,vtmanager-duesseldorf-parken-PH-18,vtmanager-duesseldorf-parken-PH-20,vtmanager-duesseldorf-parken-PH-22,vtmanager-duesseldorf-parken-PH-23,vtmanager-duesseldorf-parken-PH-24,vtmanager-duesseldorf-parken-PH-25,vtmanager-duesseldorf-parken-PH-26,vtmanager-duesseldorf-parken-PH-29,vtmanager-duesseldorf-parken-PH-33,vtmanager-duesseldorf-parken-PH-34,vtmanager-duesseldorf-parken-PH-35,vtmanager-duesseldorf-parken-PH-37,vtmanager-duesseldorf-parken-PH-39,vtmanager-duesseldorf-parken-PH-42,vtmanager-duesseldorf-parken-PH-43,vtmanager-duesseldorf-parken-PH-45,vtmanager-duesseldorf-parken-PH-46,vtmanager-duesseldorf-parken-PH-47,vtmanager-duesseldorf-parken-PH-48,vtmanager-duesseldorf-parken-PH-50,vtmanager-duesseldorf-parken-PH-51,vtmanager-duesseldorf-parken-PH-52,vtmanager-duesseldorf-parken-PH-53,vtmanager-duesseldorf-parken-PH-54,vtmanager-duesseldorf-parken-PHtest
2025-05-01T00:00:02+00:00,244,81,185,97,131,207,345,138,104,160,371,225,,200,155,,62,,237,,,220,151,334,,,,,,,,,,,,428,,,79,,,66,1052,29,99,63,159,,,,10,70,147,0,97,0,33,,,,,140,,251,47,125,,54,46,17,120,156,193,11,69,155,98,234,72,51,,,337,10,,88,253,307,485,266,582,494,63,136,111,933,440,627,364,410,380,436,1135,420,172,542,186,167,226,164,451,265,,0,131,,,426,,329,173,,0,0,22,0,0,0,0,0,62,0,349,105,,193,158,192,128,,475,182,312,80,,295,457,,470,,154,,,1809,1383,67,0,0,99,126,621,368,,573,273,492,160,41,261,257,,1,173,0,619,81,35,0,,,,,,73,30,56,0,135,903,113,,547,312,,,,449,,66,,,,,,107,168,69,,53,,112,,,142,,152,51,,,,,,,,0,0,,,0,,20,118,174,,0,,,,,154,,,,,60,,,75,,,28,209,36,10,152,516,310,156,256,176,427,95,401,74,14,305,338,410,669,330,401,235,123,,238,471,92,1373,,,,,354,328,,114,,,252,,,,195,,,0,,191,57,,45,128,51,22,4,,,,,438,,,0,10,419,224,185,,410,,235,,,,,,,,,,43,,4,,,,147,,,,,,,,302,140,62,123,96,149,75,475,0,384,38,37,281,240,51,200,0,0,13,107,169,285,0,28,308,177,294,200,108,160,313,43,145,47,370,0,443,96,1068,100,0,123,194,201,0,118,209,289,84,0,0,343,343,116,0,314,0,343,209,135,289,200,249,0,0,755,,320,,524,,,157,,,387,,,162,129,,,,,,79,,,335,129,,,314,265,,211,156,746,223,192,707,243,,,,,,,,,,,,,,,,,,,,,,,,,,,,,,2197,55,,,,,,,231,,,,,,,447,,,,289,,,111,126,59,318,308,84,517,203,382,392,89,332,235,88,77,396,196,456,306,230,100,64,314,200,449,623,56,,527,165,159,147,250,753,304,69,
2025-05-01T00:15:01+00:00,,,,,,,348,,,,,,,,,,,,240,,,,159,339,,,,,,,,,,,,,,,,,,,1053,30,97,,,,,,,,,,,,,,,,,,,,,,,56,,,116,,,,,156,,,,,,,,,,,,,483,,,,,,109,,,,,,,,1136,425,,543,189,168,,165,,,,,,,,,,,,,,,,,,,,,,,,116,,195,160,197,131,,,,323,83,,299,,,,,184,,,1810,1385,68,,,117,127,620,,,,,,161,,271,256,,,,,,,,,,,,,,,29,57,,136,904,,,,,,,,,,,,,,,,,169,,,,,,,,,,,,,,,,,,,,,,,,,,,,,,,,,,,,,,,,,,,,,,,,,,519,,157,,,,,,,,,,,,,402,257,,,,,,1377,,,,,,,,,,,,,,,,,,,,,,,,,,,,,,,,,,,,,,,,,,,,,,,,,,,,,,,,,,,,,,,,,,,313,,,124,,,74,,,383,,,283,,,202,,,16,,,,,29,,,,,109,,,,,46,,,462,,,127,,128,195,225,,,,,,,,,,,,,,,,,,,,,,759,,,,523,,,,,,,,,163,,,,,,,,,,336,131,,,319,,,209,,747,225,,,245,,,,,,,,,,,,,,,,,,,,,,482,,,,,,,,2200,56,108,,,,,,,,,,,,,,,,,,,,118,147,,321,,,,,,,88,,,90,,395,,,305,232,,,,,,,,,529,167,,,,,,70,
2025-05-01T00:30:01+00:00,,,,,,,355,,,,,,,,,,,,242,,,,163,341,,,,,,,,,,,,,,,,,,67,,,96,,,,,,,,,,,,,,,,,,,,,,,,,,,,,,68,158,,,,,,,,,,,,309,487,,,,,137,107,932,439,,,,,,,426,,544,190,,,166,,,,,,,,,,,,,,,,,,,,,,,,119,,,,199,,,,,325,88,,302,,,,,189,,,,,,,,,,,,,,,493,,,274,255,,,,,,,,,,,,,,,28,,,138,,,,,,,,,,,,,,,,,,,,,50,,,,,,,,,,,,,,,,,,,,,,,,,,,,,,,,,,,,,,,,,,,,,,,521,,,,,,,,,,,,,,,,290,,,,,,1378,,,,,,,,,,,,,,,,,,,,,,,,,,,,,,,,,,,,,,,,,,,,,,,,,,,,,,,,,,,,,,,,,,,,,,,,,,,,384,,,285,239,,,,,17,,,,,,,178,,,,,,,,,,,,,,,,,,,,,,,,,,,,,,,,,,,,,,,,766,,,,529,,,,,,,,,,,,,,,,,,,337,,,,323,,,,,748,227,,,246,,,,,,,,,,,,,,,,,,,,,,,,,,,,,,2203,57,,,,273,,,,,,,786,,,453,,,,,,,124,182,,323,,,,,,,,,,,,398,197,457,,,,,,,,,,,530,169,,,,,,,
2025-05-01T00:45:01+00:00,,,,,,,360,,,,,,,,,,,,245,,,,170,347,,,,,,,,,,,,,,,,,,,,,,,,,,,,,,,,,,,,,,,,,,,,,45,,117,,,,,,,,,,,,336,,,,252,,,,,,,138,,,,,365,,,,,429,,,194,166,,167,,,,,,,,,,,,,,,,,,,,,,,,125,,198,,201,,,,,327,92,,306,,,,,206,,,,,69,,,,,,,,,,,,45,281,256,,,,,,,,,,,,,,,30,56,,,907,113,,,,,,,,,,,,,,,,170,,,53,,,,,,,,,,,,,,,,,,,,,,,,,,,,,,,,,,,,,,,,,,,,,,,524,,,,,,,400,,,306,,,,,405,294,,,,,,,,,,,,,,,,,,,,,,,,,,,,,,,,,,,,,,,,,,,,,,,,,,,,,,,,,,,,,,,,,,,,,,,,,,,,,97,,73,476,,385,,,286,240,,,,,,,,,,,,,,,,,,,,,,,,,,,,,,,,,,,,,,,,,,,,,,,,,,,,773,,321,,535,,,158,,,,,,,,,,,,,80,,,,,,,324,,,,157,,229,,,,,,,,,,,,,,,,,,,,,,,,,,,,,,,,,2206,58,111,,,,170,,,,,,,,,,,,,,,,130,201,,324,,,516,,,,87,,,89,,401,,,308,,,,,,,,,,,172,,,,,,,
2025-05-01T01:00:01+00:00,,,,98,,,377,,,,,,,,,,63,,247,,,,178,,,,,,,,,,,,,,,,,,,66,,,,,,,,,,,,,,,,,,,,,,253,,,,,,,,,,12,,,,,71,,,,,,,,,,486,,,,,140,109,,,,,,,,,431,,,196,,,,,,,,,,,,,,,,,,,,,,,,,,,,,,,,,,,,,,,,,,,,,,,,,,,,,,,,,,,,,,,,,,,,,,,,,,,,,,,,,,,,,,,,,,,,,,,,,,,,,,,,,,,,,,,,,,,,,,,,,,,,,,,,,,,,,,,,,,,,,,,,,,,,,,,,,,,,,,,,,,,,,308,124,,,472,,,,,,,,,,,,,,,,,,,,,,,,,,,,,,,,,,,,,,,,,,,,,,,,,,,,,,,,,,,,,,,,,,,,,,,,,,,,,,,,,,,,,,,,,,,,,,,,,,,,,,,,,,,,,,,,,,,,,,,,,,,,,,,,,,,,,,778,,,,541,,,,,,,,,,,,,,,,81,,,338,,,,328,266,,212,,,,,,,,,,,,,,,,,,,,,,,,,,,,,,,,,,,,2212,,,,,274,,,,,,,,,231,456,,,,,,,133,227,,328,,,,,,,,331,,90,,405,198,,309,,,,,,,,,,532,177,,,,,305,,
2025-05-01T01:00:02+00:00,,,,,,,,,,,,,,,,,,,,,,,,,,,,,,,,,,,,,,,,,,,,,,,,,,,,,,,,,,,,,,,,,,,,,,,,,,,,,,,,,,,,,,,,,,,,,,,,,,,,,,,,,,,,,,,,,,,,,,,,,,,,,,,,,,,,,,128,,,,203,,,,,330,95,,307,,,,,219,,,,,70,,,149,,,,,574,275,,162,54,285,257,,,,,,,,,,,,,,,,59,,139,908,,,,,,,,,,,,,,,,,172,,,,,,,,,,,,,,,,,,,,,,,,,,,,,,,,,,,,,,,,,,,,,,,,,,,,,,,,,399,,,,,,,,,,,,,,,,,,,,,,,,,,,,,,,,,,,,,,,,,,,,,,,,,,,,,,,,,,,,,,,,,,,,,,,,,,,,,,,,,,316,,63,,,,72,,,386,,,,,,203,,,,,170,,,,,,,,108,,,,,,,,,,,,,,,,,,,,,,,,,,,,,,,,,,,,,,,,,,,,,,,,,,,,,,,,,,,,,,,,,,,,,749,231,,,,,,,,,,,,,,,,,,,,,,,,,,,,,,,,,,,,,,,,,,,,,,,,,,,,,,,,,,,,,,,,,,,,,,,,,,,,,,,,,,,,,,,,,,,
2025-05-01T01:15:01+00:00,,,,99,,,393,,,,,,,,,,,,248,,,,181,,,,,,,,,,,,,,,,,,,,,,95,64,,,,,,,,,,,,,,,,139,,252,,,,,46,,,,,,69,,,,,,,,,,,,253,,487,,,,,141,,935,,,,,,,,439,,,198,165,,,,266,,,,,,,,,,,,,,,,,,,,,,134,,,,,,,476,,335,98,,,,,,,242,,,,,71,,,,128,,,,,276,494,,62,286,,,,,,,,,,,,,,,,,60,,,,,,,,,,,,,,,,,,,,173,,,,,,,,,,,,,,,,,,,,,,,,,,,,,,,,,,,,,,,,,,,,,,,,,,526,,,,,,,400,,,,,,,,406,315,,,,,,,,,,,,,,,,,,,,,,,,,,,,,,,,,,,,,,,,,,,,,,,,,,,,,,,,,,,,,,,,,,,,,,,,,318,,,,,,,,,,,,,242,,204,,,,,,,,,,,,,,,,,,,,,475,,1070,196,,133,,238,,,,,,,,,,,,,,,,,,,,,,783,,,,546,,,,,,388,,,,,,,,,,,,,,,,,337,,,,,750,230,193,,,,,,,,,,,,,,,,,,,,,,,,,,,,,,,,2218,59,,,,,171,,,,,,,,,,,,,,,,136,256,,330,,,517,,,,,,,,,404,,459,,,,,,,,,,,533,178,,148,,,,,
2025-05-01T01:30:01+00:00,,,,,,,395,,,,,,,,,,,,250,,,,184,348,,,,,,,,,,,,,,,,,,,1054,,,,,,,,,,146,,,,,,,,,140,,,,,,,,,,,,,70,164,,,,,,,,,,,255,,486,265,,,,,,,,,,,,,,442,,,,,,,,,,,,,,,,,,,,,,,,,,,,,,142,,200,,204,,,,,,,,309,,,,,256,,,,,,,,,,,,,,,,,66,291,,,,,,,,,,,,,,,,29,61,,,,,,,,,,,,,,,,,,,,,,,,,,,,,,,,,,,,,,,,,,,,,,,,,,,,,,,,,,,,,,,,,,,,,,528,,,,,,,399,,,,339,,,,,326,,,,,,,,,,,,,,,,,,,,,,,,,,,,,,,,,,,,,,,,,,,,,,,,,,,,,,,,,,,,,,,,,,,,,,,,,,,,,,,,,,387,,,,,,,,,18,,,,,,,,,,,,,,,,,,,,,,,,,,,,,,,,,,,,,,,,,,,,,,,794,,,,562,,,,,,389,,,,130,,,,,,,,,,,,,343,,,213,,,231,,,,,,,,,,,,,,,,,,,,,,,,,,,,,,,,,2224,60,114,,,,,,,,,,,,,,,,,,,,,281,,331,,,,,,,,,,93,,405,,,,,,,,,,,,,,179,,,,,,,
2025-05-01T01:45:02+00:00,,,,,,,,,,,,,,,,,64,,,,,,186,349,,,,,,,,,,,,,,,,,,,,,,,,,,,9,,144,,,,,,,,,,,,,,,,45,,,,,11,,,,,,,,,,,,,,0,484,267,,,,,,936,,,,,,,,445,,,200,,225,,,,,,,,,,,,,,,,,,,,,,,,,152,,,,206,,,477,,343,100,,311,,,,,271,,,,,70,,,178,126,621,,,575,,,163,72,301,,,,,,,,,,,,,,,,31,64,,,909,,,,,,,,,,,,,,,,,,,,52,,,,,,,,,,,,,,,,,,,,,,,,,,,,,,,,,,,,,,,,,,,,,,,,,,,,,,400,,,,,,,,407,330,,,,,,,,,,,,,,,,,,,,,,,,,,,,,,,,,,,,,,,,,,,,,,,,,,,,,,,,,,,,,,,,,,,,,,,,,319,,,,,,71,,,,,,,243,,,,,,,,,,,,,,,,,,,,,,,,,,,,,,,,,,,,,,,,,,,,,,,,,,,,795,,,,564,,,,,,388,,,,,,,,,,,,,,,,,348,,,215,,752,,,,,,,,,,,,,,,,,,,,,,,,,,,,,,,,,,,,,,,,,,,,,,,,,,,,,289,,,,310,,,,,,,,,,,,,,409,,,,,,,,,,,,,534,183,,,,,,,
2025-05-01T02:00:02+00:00,,,,,,,,,,,,,,,,,,,,,,,189,351,,,,,,,,,,,,,,,,,,,,31,,,,,,,,69,142,,,,,,,,,,,,46,,,,46,,,,,,71,,,,,,,,,,,,254,309,486,266,0,,,142,110,,,,,,,,,447,,,,,,,,,,,,,,,,,,,,,,,,,,,,,,153,,,,208,,,,,344,102,,314,,,,,283,,,,,,,,,,,,,576,,,,77,,,,,,,,,,,,,,,,,30,,,,,,,,,,,,,,,,,,,,,,,,,,,,,,,,,,,,,,,,,,,,,,,,,,,,,,,,,,,,,,,,,,,,,,,,,,,,,,,,,,,,,,,335,,,,,,1377,,,,,,,,,,,,,,,,,,,,,,,,,,,,,,,,,,,,,,,,,,,,,,,,,,,,,,,,,,,,,,,,,,,318,,,,,,,,,,,,,,,,,,,,,,,,,,,,,,,,,,,,,,,,,,,,,,,,,,,,,,,,,,,,,,,,,804,,,,578,,,,,,,,,,,,,,,,,,,,,,,351,,,,,,232,,,,,,,,,,,,,,,,,,,,,,,,,482,,,,,,,,2227,,,,,275,,,,,,,786,,231,,,,,,,,,324,,332,,,,,,,,,,94,,,,,308,,,,314,,,,,,,185,,,,,,,
2025-05-01T02:15:01+00:00,,,,,,,398,,,,,,,,,,,,,,,,195,352,,,,,,,,,,,,,,,,,,,,,,,,,,,,,147,,,,,,,,,,,,,,,,,,116,,,9,,,,,,,,,,,,,220,308,,,582,,,,,937,,,,,,,,450,,543,,162,,,,267,,,,,,,,,,,,,,,,,,,,,,157,,,,,,,,,338,104,,,,,,,303,,,,1384,,,,192,,,,,577,,,164,83,302,,,,,,,,,,,,,,,,32,65,,,,,,,,,,,,,,,,,,,,171,,,,,,,,,,,,,,,,,,,,,,,,,,,,,,,,,,,,,,,,,,,,,,,,,,,,,,,,,401,71,,,,,,,,338,,,,,,1378,,,,,,,,,,,,,,,,,,,,,,,,,,,,,,,,,,,,,,,,,,,,,,,,,,,,,,,,,,,,,,,,,,,,,64,,,,,,,,,,,,,,,,,,,,,,,,,,,,,,,,371,,478,,,281,,134,,250,,,,,,,,,,,,,,,,,,,,,,808,,,,595,,,,,,,,,,,,,,,,,,,,,,,355,,,216,,753,,194,,,,,,,,,,,,,,,,,,,,,,,,,187,,,,,,,,60,,,,,,,231,,,,,,,456,,,,,,,,340,,333,,,,,,,,,,,,410,,,309,,,,,,,,,,536,,,,,,,,
2025-05-01T02:30:01+00:00,,,,,,,,,,,,226,,,,,,,,,,,196,,,,,,,,,,,,,,,,,,,,,,94,65,,,,,,,,,,,,,,,,,,,,,,,,,115,,,8,70,,,,,,,,335,,,,,309,487,,,,,143,,,438,,,,,,,,,538,,,,,,,,,,,,,,,,,,,,,,,,,,,,162,,,,,,,,,339,,,316,,,,,313,,,,1382,,,,202,,,,,,,,165,87,,,,,,,,,,,,,,,,,34,,,,,,,,,,,,,,,,,,,,,,,,,,,,,,,,,,,,,,,,,,,,,,,,,,,,,,,,,,,,,,,,,,,,,,,,,,,,,,400,,,,,,,,,343,,,,,,,,,,,,,,,,,,,,,,,,,,,,,,,,,,,,,,,,,,,,,,,,,,,,,,,,,,,,,,,,,,,,,,,,,,,,,,,,,,,,,288,,,,,,,,,,,,,,,,107,,,,,,,,,,,,,,,,,,,,,,,,,,,,,,,,,,,,,813,,,,609,,,159,,,,,,,,,,,,,,,,,,,,362,,,217,,,,,,,,,,,,,,,,,,,,,,,,,,,,482,,,200,95,,,,2227,,114,,,,,,,,,,786,,,,,,,,,,,362,,335,,,,,,,,,,,,413,,,,,,,,,,,,,,,,,,,306,,
2025-05-01T02:30:02+00:00,,,,,,,,,,,,,,,,,,,,,,,,,,,,,,,,,,,,,,,,,,,,,,,,,,,,,,,,,,,,,,,,,,,,,,,,,,,,,,,,,,,,,,,,,,,,,,,,,,,,,,,,,,,,,,,,,,,,,,,,,,,,,,,,,,,,,,,,,,,,,,,,,,,,,,,,,,,,,,,,,,,,,,,,,,,,,,,,,,,,,,,,,,,,,,,,,,,,,,,,,,,,,,,,,,,,,,,,,,,,,,,,,,,,,,,,,,,,,,,,,,,,,,,,,,,,,,,,,,,,,,,,,,,,,,,,,,,,,,,,,,,,,,,,,,,,,,,,,,,,,,,,,,,,,,,,,,,,,,,,,,,,,,,,,,,,,,,,,,,,,,,,,,,,,,,,,,,,,,,,,,,,,,,,,,,,,,,,,,,,,,,,,,,,,,,,,,,,,,,,,,,,,,,,,,,,,,,,,,,,,,,,,,,,,,,,,,,,,,,,,,,234,,,,,,,,,,,,,,,,,,,,,,,,,,,,,,,,,,,,,,,,,,,,,,,,,,,,,,,,,,,,,,,,,,,,,,,,,,,,,,,,,,,,,,,,,,,
2025-05-01T02:45:01+00:00,,,,,,,,,,,,,,,,,,,,,,,,,,,,,,,,,,,,,,,,,,,,,,,,,,,,,,,96,,,,,,,,,,,,,,,,114,,,,71,,,,,,,,334,,,,,310,488,265,,,,141,,,437,,,,,,,,,533,,,,,,268,,,,,,,,,,,,,,,,,,,,,,167,,,,209,,,478,,343,105,,317,,,,,328,,,1808,1381,,,,220,,,,,576,277,,,94,,,,,,,,,,,,,,,,,,,,,,,,,,,,,,,,,,,,,,,,,,,,,,,,,,,,,,,,,,,,,,,,,,,,,,,,,,,,,,,,,,,,,,,,,,,,,,,399,,,,,,,,,346,125,,,,,,,,,,,,,,,,,,,,,,,,,,,,,,,,,,,,,,,,,,,,,,,,,,,,,,,,,,,,,,,,,,,,,,,,,,,,,,,,,,,,287,,,,,,19,,,,,,,,,,,,,,,,,,,,,,,,,,,,,,,,,,,,,,,,,,,,,,,818,,,,620,,,,,,389,,,,129,,,,,,,,,,,,,,,,,,,,,,247,,,,,,,,,,,,,,,,,,,,,,,,,,,,,,,,,,,,,,,,,,,,,,,,,,,,,378,,336,,,,,,,88,,,95,,417,,,,,,,,,,,,,,186,,,,,,,
2025-05-01T03:00:01+00:00,,,,,,208,,,,,,,,,,,,,251,,,,198,,,,,,,,,,,,,,,,,,,,,,,,,,,,,,,,,,,,,,,,,,,,,,,,,,,,,165,,,,,,,,9,,,218,,486,266,,,,142,109,,435,,,,,,1135,,170,532,,,,,,269,,,,,,,,,,,,,,,,,,,,,,168,,,,,,,,,345,,,,,,,,336,,,,,,,,,,,,,,,,,98,,,,,,,,,,,,,,,,,,,,,,,,,,,,,,,,,,,,,,168,,,51,,,,,,,,,,,,,,,,,,,,,,,,,,,,,,,,,,,,,,,,,,,,,,,,,,,,,,401,,,,,,,329,,349,,,,,,,,,,,,,,,,,,,,,,,,,,,,,,,,,,,,,,,,,,,,,,,,,,,,,,,,,,,,,,,,,,,,,,,,,317,,,,,,72,,,,,,288,242,,,,,20,,,,,,,,,,108,,,,,,,,,,,,,,,,,,,,,,,,,,,,,,,,,,,,,824,,,,633,,,,,,390,,,,,,,,,,,,,,,,,368,,,218,,,,,706,,,,,,,,,,,,,,,,,,,,,,,,,,,,,,,2230,,,,,,,,,,,,,,,,,,,,,,,396,,,,,,,,,,,,205,,421,,,,,,,,,,,,,,188,,,,,307,,
2025-05-01T03:15:01+00:00,,,,,,,400,,,,,,,,,,,,252,,,,199,,,,,,,,,,,,,,,,,,,,,32,,,,,,,,,,,,,,,,,,,,,,,,,,,,,,,72,,,,,,,,331,,,,,311,488,,,,,143,110,936,431,626,,,,,1085,323,167,528,140,160,205,,341,190,,,130,,,431,,341,188,,,,,,,,,,63,,350,175,,,,211,,,,,347,,,318,,,,,350,,,,1379,69,,,229,,,,,,,,,106,301,,,,,,,,,,,,,,,,35,,,,,,,,,,,,,,,,,,,,,,,,,,,,,,,,,,,,,,,,,,,,,,,,,,,,,,,,,,,,,,,,,,,,,,,,308,154,,,,,,,,,,,,,,354,,,,,,,,,,,,,,,,,,,,,,,,,,,,,,,,,,,,,,,,,,,,,,,,,,,,,,,,,,,,,,,,,,,,,,,,,316,,,,,,,,,,,,,,,,,,,,,,,,,,,,,,,,,45,,,482,,,325,,,,253,,,,,,,,,,,,,,,,,,,,,,827,,,,643,,,,,,391,,,,,,,,,,82,,,,,,,373,,,,,,,,,,,,,,,,,,,,,,,,,,,,,,,482,,,,,,,,,,,,,,,,,,,,,,,456,,,,,,,,405,,,,,,,,,,329,,,,,,,,,,,,,,,,,537,186,,,,,,,
2025-05-01T03:30:02+00:00,,,,100,,,,,,,,,,,,,63,,,,,,203,,,,,,,,,,,,,,,,,,,,,,,,,,,,,,,,,,,,,,,,,251,,,,,,,113,,,,66,,,,,,,,329,,,,219,,486,265,,,,142,113,937,422,,366,,,,,,,524,,,,,,,,,,,,,,,,,,,,,,,,,,,,176,,,,,,,,,345,106,,317,,,,,356,,,,1378,,,,,,,,,,,,,108,,,,,,,,,,,,,,,,,,64,,,908,,,,,,,,,,,,,,,,,,,,50,,,,,,,,,,,,,,,,,,,,,,,,,,,,,,,,,,,,,,,,,,,,,,,,301,,,,,,,,,,,,668,,,355,,,,,,,,,,,,,,,,,,,,,,,,,,,,,,,,,,,,,,,,,,,,,,,,,,,,,,,,,,,,,,,,,,,,,,,,,314,,,,,,,,,,,,285,,,,,,,108,,,,,,,,,,,,,,,,,,95,,,,,,,,,,,,,,,,,,,,,,,,,,,,828,,,,647,,,,,,,,,164,130,,,,,,,,,,,,,376,,,221,,754,235,,,248,,,,,,,,,,,,,,,,,,,,,,,,,,,,,,,,114,,,,,,,,,,785,,,,,,,,,,,421,,,,,,,,,,,,204,,,,,,233,,,,,,,,,,,,,,751,,,
2025-05-01T03:45:02+00:00,,,,,,,,,,161,,225,,,,,,,250,,,,202,,,,,,,,,,,,,,,,,,,,,,,,,,,,,,,,95,,,,,,,,,,,,,,,,,,,,61,,,,,,,,327,,,,,,484,267,,,,138,112,,409,,,409,,,1086,,166,513,,,,,,,,,,,,,,,,,,,,,,,,,,,,177,,,,212,,,,,346,107,,316,,,,,371,,,1806,1372,,,,,125,,,,577,,,,117,,,,,,,,,,,,,,,,,34,,,,909,,,,,,,,,,,,,,,,,,,,48,,,,,,,,,,,,,,,,,,,,,,,,,,,,,,,,,,,,,,,,,,,,,,,,272,153,,,,,,,,,,,,332,408,,,,,,,1369,,,,,,,,,,,,,,,,,,,,,,,,,,,,,,,,,,,,,,,,,,,,,,,,,,,,,,,,,,,,,,,,,,,316,,,125,,,,474,,388,,,276,,,203,,,,,,,,,,177,,,,158,309,,,,,,,,,,,,,,,,,,,,,,,,,,,,,,,,,,,829,,,,652,,,,,,,,,,,,,,,,,,,,,,,,,,222,,,,,,,,,,,,,,,,,,,,,,,,,,,,,,,,,,,,2227,,,,,,,,,,,,,,,,,,,289,,,,427,,,,,,,,,,330,,,,422,,,,232,,,,,,,,,,,,,,,,,
2025-05-01T04:00:01+00:00,,,,,,,401,,103,,,226,,,,,64,,,,,,203,351,,,,,,,,,,,,,,,,,,,,,,64,,,,,,,,,94,,,,,,,,,,,,,,,,111,,,7,62,164,,,70,,,,324,,,,218,,486,265,,,,137,109,,389,,,,,,,324,,506,,,,,,,,,,,,,,,,,,,,,,,,,,,,178,,,,,,,,,345,,,315,,,,,376,,,,1371,,,,,124,,,,,,,,120,,,,,,,,,,,,,,,,53,,,,,,,,,,,,,,,,,,,,,,167,,,47,,,,,,,,,,,,,,,,,,,,,,,,,,,,,,,,,,,,,,,,,,,,,,,,265,151,,,,,,72,,,,,,331,,357,,,,,,1356,,,,,,,,,,,,,,,,,,,,,,,,,,,,,,,,,,,,,,,,,,,,,,,,,,,,,,,,,,,,,,,,,,,312,,,,,,71,470,,387,,,273,,,,21,,,,,,,,,175,,,,157,287,,,,,,,,,,,,,,,,,,,,,,,,,,,,,,,,,,,831,,,,654,,,160,,,,,,,,,,,,,,,,,,,,,,,223,,,,,,,,,,,,,,,,,,,,,,,,,,,,,187,,288,95,,,,,60,117,,,,,,231,,,,785,,231,456,,,,,,,139,434,,,,,,,,,,,,,,,,,,,,,,,,,,,,,,,,749,,,
2025-05-01T04:05:01+00:00,,,,,,,,,101,,,224,,,,,,,,,,,,,,,,,,,,,,,,427,,,,,,,,,,,,,,,,68,,,,,,,,,,,,252,,,,,,,112,,,,,,,,,,,,325,,,,220,,488,267,583,,,136,,,383,,,,,,1085,,,,,,,,,,,,,,,,,,,,,,,,,,,,,,,179,,,,,,,,,344,,,311,,,,,380,,,1804,1366,,,,,,611,,,,276,,,123,,,,,,,,,,,,,,,,,,,,,,,,,,,,,,,,,,,,,,,,,,,,,,,,,,,,,,,,,,,,,,,,,,,,,,,,,,,,,,,,,,,,,,,,,,149,,,,,,73,,,,,,,,,,,,,,,,,,,,,,,,,,,,,,,,,,,,,,,,,,,,,,,,,,,,,,,,,,,,,,,,,,,,,,,,,,,,,,,,,313,,,,,,,,,,,,,,,,,,,,,,,,,174,,,107,,284,,,,370,,485,,1068,349,,,,228,,,,,,,,,,,,,,,,,,,,,,,,,,658,,,,,,392,,,,,,,,,,,,,,,,,379,,,,,,,,,,,,,,,,,,,,,,,,,,,,,,,,,,,,,,,,,,,,,,,,,,,,,,,,,,,,,,435,61,,,,,,,,,,,,,,,,,,,,,,,,,,,,,,,747,,,
2025-05-01T04:10:02+00:00,,,,,,,,,,,,,,,,,,,,,,,204,,,,,,,,,,,,,,,,,,,,,,95,,,,,,,,,,95,,,,,,,,,,,,,,,,113,,,,,,,,,,,,,,,,,,,266,,493,,,,,376,,,408,,,,,,,,,,,,,,,,,,,,,,,,,,,,,,,,,,,,,,,,,,,,,,,,,,,,,,,,,,,,,,,,,,,,,,,,,,,,,,,,,,,,,,65,,,908,,,,,,,,,,,,,,,,,,,,,,,,,,,,,,,,,,,,,,,,,,,,,,,,,,,,,,,,,,,,,,,,,,,,266,,,,,,,,,,,,,,,358,,,,,,,,,,,,,,,,,,,,,,,,,,,,,,,,,,,,,,,,,,,,,,,,,,,,,,,,,,,,,,,,,,,,,,,,,312,,,,,,,468,,,,,,,,,,,,,,,,,,173,293,,,,282,,,,,,,,,,,,,,,,,,,,,,,,,,,,,,,,,,,830,,,,,,,,,,,,,,129,,,,,,,,,,,,,380,,,,,,,,,,,,,,,,,,,,,,,,,,,,,,,,,,,,,,,,,,,,,,,,,,,,,,,,,,,,,140,436,,,,,,,,,,,,,,,,,,,,,,,,,,,,,,,,,,,
2025-05-01T04:15:01+00:00,,,,,,,,,,,,,,,,,,,,,,,,,,,,,,,,,,,,,,,78,,,,,,,,,,,,,,,,,,,,,,,,,,,,,,45,,,,,,,,,,,,,,323,,,,219,,,267,,,,,111,,371,,,,379,,,325,165,505,,159,,,,,,,,,,,,,,,,,,,,,,,,,,,,199,,,,,,,343,,,310,,,,,386,,,1803,1361,,,,,,,,,,277,,,126,213,,,,,,,,,,,,,,,,,,,,,,,,,,,,,,,,,,,,,,,,,,,,,,,,,,,,,,,,,,,,,,,,,,,,,,,,,,,,,,,,,,,,,,,,,148,,,,,,,,,,,,,409,359,,,,,,,,,,,,,,,,,,,,,,,,,,,,,,,,,,,,,,,,,,,,,,,,,,,,,,,,,,,,,,,,,,,,,,,,,311,,,,,,,,,,,,,,,,,,,,,,,,,172,,,108,,,,,44,,319,484,,1067,350,,,,,,,,,,,,,,,,,,,,,,,,,,,,,,,,,,,,,,,,,,,,,,,,,,,,,,,,,,,236,,,,,,,,,,,,,,,,,,,,,,,,,,,,,,,,,,,,,,,,,,,,,,,232,,,,,,,,141,439,,,,,,,,,89,,,,,,,,,,,,,,,,,,,187,,,,745,,,
2025-05-01T04:20:02+00:00,,,,,,207,,,,,,,,,,,,,,,,,,,,,,,,,,,,,,,,,,,,,,,,,,,,,,,,,,,,,,,,,,,,,,55,,,111,,,,68,,,,,,,,,,,,,,483,266,,,,,,,366,,,,,,,,,,,,,,,,,,,,,,,,,,,,,,,,,,,,,,,,,,,,,,,,,,,,,,,,,,,,,,,,,,,,,,,,,,,,,,,,,,,,,,,,,,,,,,,,,,,,,,,,,,,,,,,,46,,,,,,,,,,,,,,,,,,,,,,,,,,,,,,,,,,,,,,,,,,,,,,,,267,,,,,,,,,,,,,,,361,,,,,,,,,,,,,,,,,,,,,,,,,,,,,,,,,,,,,,,,,,,,,,,,,,,,,,,,,,,,,,,,,,,,,,,,,,,,,,,,,,,,,274,,,,,,,,,,,,,,,,109,,283,,,45,,,,,,,,,,,,,,,,,,,,,,,,,,,,,,,,829,,,,657,,,,,,391,,,,,,,,,,,,,,,,,,,,224,,,,,,,,,,,,,,,,,,,,,,,,,,,,,,,,,,,,,,,,,276,,,,,,,,,,456,,,,,,,,443,,,,,,,,,,,,,,,,,,,,,314,,,,,,,,,,,,,,
2025-05-01T04:25:02+00:00,,,,,,,,,100,,,,,,,,63,,,,,,,,,,,,,,,,,,,,,,,,,,,,,,,,,,,,,,,,,,,,,,,,,,,,,,112,,,,,,,,,,,,318,,,,,,485,265,,,,135,,,361,,365,,,,,326,,502,,158,,,,,,,,,,,,,,,,,,,,,,,,,,180,,200,,,,,,,,,,,,,,,395,,,,1359,,,,,,,,,,,,,127,,,,,,,,,,,,,,,,,,,,,,,,,,,,,,,,,,,,,,,,,,,,,,,,,,,,,,,,,,,,,,,,,,,,,,,,,,,,,,,,,,,,,,,,,,146,,,,,,,,,,,,,,,126,,,,,1355,,,,,,,,,,,,,,,,,,,,,,,,,,,,,,,,,,,,,,,,,,,,,,,,,,,,,,,,,,,,,,,,,,,310,,,,,,,467,,,,,,,,,,,,,,,,30,,,,,110,,284,,,,,,,,,356,,,,,,,,,,,,,,,,,,,,,,,,,,830,,,,656,,,,,,390,,,,,,,,,,,,,,,,,,,,225,,,,,,,,,,,,,,,,,,,,,,,,,,,,,,,,,,,,,,,,,,,,,,,,,,,,,,,,,,,444,,,,,,,,,,,,,,,,458,,,,,,,,,,,,,,,,,,,
2025-05-01T04:30:01+00:00,,,,,,,,,,,,,,,,,64,,,,,,,,,,,,,,,,,,,,,,,,,,,,,,,,,,,,,,,,,,,,,,,,,,,56,,,,,,,69,,,,,,,,319,10,,,,312,488,267,,,,133,112,,358,,,,,,,,,,,,,,,,,,,,,,,,,,,,,,,,,,,,,,,,,,,,,,,,,,,,,,,,,,,,,,,,,,,,,,,,,,,,,,,,,,,,,,,,,,,,,,,,,,,,,,65,,,,,,,,,,,,,,,,,,,,,,,,,,,,,,,,,,,,,,,,,,,,,,,,,,,,,,,,,,270,142,,,,,,,,,,,,,,,,,,,,,,,,,,,,,,,,,,,,,,,,,,,,,,,,,,,,,,,,,,,,,,,,,,,,,,,,,,,,,,,,,,,,,,,309,,,,,,,,,,,,,243,,,,,,,,,,,,,,,112,158,285,,,,,,,,,,,,,,,,,,,,,,,,,,,,,,,,,,,,,,,,,,,,,,,,,,,,,,,,,,,,,,,,,,,,,,,,,,,,,,,,,,,,,,,,,,,,,,,,,,,,,,,,,,,,,,,,,,,,,,,,289,,,,,,,,,,,,,,,,,,,,,,,,,,,,,,,,,,,,,,,
2025-05-01T04:35:01+00:00,,,,,,201,,,,,372,,,,,,,,,,,,,,,,,,,,,,,,,,,,,,,,,,,,,,,,,67,,,,,,,,,,,,,45,,,,,,113,,,,,,,,,,,,318,,,,218,,,,,,,131,,,355,,,,,,,,164,496,,156,,,,,,,,,,,,,,,,,,,,,,,,,,,,,,213,,,479,,342,108,,309,,,,,397,,,,1358,,,,,125,,,,576,,,,128,,,,,,,,,,,,,,165,,,,,,,,,,,,,,,,,,,,,,,,,,,,,,,,,,,,,,,,,,,,,,,,,,,,,,,,,,,,,,,,,,,,,,,,,,,277,141,,,,,,,,,,,,,,,,,,,,1358,,,,,,,,,,,,,,,,,,,,,,,,,,,,,,,,,,,,,,,,,,,,,,,,,,,,,,,,,,,,,,,,,,,306,,,,,,,,,,,,275,,,,,,,,,,,,,,,,,,287,,,,,,,,1065,359,,,,,,,,,,,,,,,,,,,,,,,,,,,,,,657,,,,,,391,,,,128,,,,,,,,,,,,,,,,,,,237,,,,,,,,,,,,,,,,,,,,,,,,,482,,,,,,,,,,,,,,,,,,,,,,,,,,,,,,142,,,,,,,,,391,,,,,,,,459,,,,,,,,,,,,,,,,,,,
2025-05-01T04:40:02+00:00,243,,,,,,,,,,,,,,,,,,,,,,,,,,,,,,,,,,,,,,,,,65,,,,,,,,,,,,,94,,,,,,,,,,44,,,,,,112,,,,70,,,,68,,,,,,,,,,486,266,584,,,129,113,,353,,,,,,,,,,,,,,,,,,,,,,,,,,,,,,,,,,,,,,,,,,,,,,,,,,,,,,,,,,,,,,,,,,,,,,,,,,,,,,,,,,,,,,,,,,,,,,,,,,,,,,,,,,,,,,,,,,,,,,,,,,,,,,,,,,,,,,,,,,,,,,,,,,,,,,,,,,,,,,,,278,,,,,,,,,,,,,330,,363,,,,,,,,,,,,,,,,,,,,,,,,,,,,,,,,,,,,,,,,,,,,,,,,,,,,,,,,,,,,,,,,,,,,,,,,,303,,,,,,,,,,,,,,,,,,,,,,,,,,,,,,,,,,371,,,,1064,361,,,,229,,,,,,,,,,,,,,,,,,,,,,,,,,658,,,,,,,,,,,,,,,,,,,,,,,,,,,,,,,,,,,,,,,,,,,,,,,,,,,,,,,,,,,,,,,,,,,,,,,,,,,,,,,,,,,,,,62,,,,,,,,,,,,,,,,,,,,,,,,,,,188,,,,,,,
2025-05-01T04:45:01+00:00,,,,,,,,137,99,,,,,,,,,,,,,,,,,,,,,,,,,,,,,,,,,64,1055,,,,,,,,,,,,,,,,,,,,,,,,,,,,110,,,,,,,,,,,,317,,,,,,489,,,,,128,,,352,,,,,,,,,491,,,,,340,,,,,,,,,,,,,,,,,,,,,,,,,,,,,,480,,,107,,310,,,,,398,,,1804,1355,,,,246,124,,,,,,,,,,,,,,,,,,,,,,,,,35,,,,,,,,,,,,,,,,,,,,,,,,,,,,,,,,,,,,,,,,,,,,,,,,,,,,,,,,,,,,,,,,,,,,,,,,279,139,,,,,,,,,,,,,,,,,,,,1357,,,,,,,,,,,,,,,,,,,,,,,,,,,,,,,,,,,,,,,,,,,,,,,,,,,,,,,,,,,,,,,,,,,296,,,,,,,,,,,,,242,,,,,,,,,,,,,,,114,160,288,,,,,,,,,,,,,,,,,,,,,,,,,,,,,,,,,,,,,,,,,,,,,,,,,,,,,,,,,,,,,,,,,,,,,,,,,,,,,,,,,,,,,,,,,,,,,,,,,,,,,2224,,,,,,,,,,,,,,,,,,,,,,,443,61,,,,,,,392,,,,,,,,,,,,,,,,,,,,,,,,746,,,
2025-05-01T04:50:01+00:00,,,,,,,,,98,,,,,,,,,,,,,,,350,,,,,,,,,,,,,,,,,,65,,,96,,,,,,,,,,,,,,,,,,,,,,,,,,,,,,,,,,,,,,315,,,,219,,488,,585,,,126,,938,351,,,,,,,,,,,,,,,,,,,,,,,,,,,,,,,,,,,,,,,,,,,,,,,,,,,,,,,,,,,,,,,,,,,,,,,,,,,,,,,,,,,,,,,,,64,,,907,,,,,,,,,,,,,,,,,,,,,,,,,,,,,,,,,,,,,,,,,,,,,,,,,,,,,,,,,,,,,,,,,,,,280,,,,,,,,,,,,,,,,,,,,,1358,,,,,,,,,,,,,,,,,,,,,,,,,,,,,,,,,,,,,,,,,,,,,,,,,,,,,,,,,,,,,,,,,,,298,,,,,,,,,,,,277,,,,,,,,,,,,,,292,,,,293,,,,,,,,,,,,,,,,,,,,,,,,,,,,,,,,,,,827,,,,,,,,,,,,,,,,,,,,,,,,,,,,,,,,,,,,,,,,,,,,,,,,,,,,,,,,,,,,,,,,,,,,,,,,,,,,,,,,,,,,,,,,,444,,,,,,,,,,,,,,,,,,231,,,,,,,,,,189,,,,,,,
2025-05-01T04:55:01+00:00,,,,,132,198,402,,,,,,,,,,,,,,,,205,,,,,,,,,,,,,426,,,,,,66,,,,,,,,,,66,,,92,,,,,,,,,,,,,,,,109,,,,71,165,,,,,,,,,,,220,,484,265,586,,,124,,,,,,,,,,,,485,,154,,,341,189,,,,,,,,,,,,,,,,,,,,,,,,,,,,,,,,,,,,,,,,,,,,,,,,,,,,,,,,,,,,,,,,,,,,,,,,52,,65,,140,908,,,,,,,,,,,,,,,,,,,,,,,,,,,,,,,,,,,,,,,,,,,,,,,,,,,,,,,,,,,,,,,,,,,,281,,,,,,,72,,,,,,,,,,,,,,,,,,,,,,,,,,,,,,,,,,,,,,,,,,,,,,,,,,,,,,,,,,,,,,,,,,,,,,,,,,,,,,,,,,,,,,,,468,,,,,,,,,,,,,,,,,,,,,,,292,,,,,,,,,362,,,,,,,,,,,,,,,,,,,,,,,,,,,,,,,,,,,,,,,,127,,,,,,,,,,,,,,,,,,,,,,,,,,,,,,,,,,,,,,,,,,,,,,,,,,,,,,,,,,,,,,,,,,,,,,,,,,,,,,,,,,,,,329,,,,,,,,,,,,,,,,,,,,,,745,,,
2025-05-01T05:00:01+00:00,242,,,101,,197,,,,,,,,,,,,,249,,,,,,,,,,,,,,,,,,,,,,,,,,,66,,,,,,,,,90,,32,,,,,,,,,,,55,,,108,,,,72,,,,,,,,,,,,,,489,266,,492,,122,,,350,,,,,,,,,,,,,,,,,,,,,,,,,,,,,,,,,,,,,,,,,,,,,,341,108,,,,,,,,,,,,,,,,122,,,,575,,,,,,,,,,,,,,,,,,166,,,,,,,,,,,,,,,,,,,,,,,,168,,,,,,,,,,,,,,,,,,,,,,,,,,,,,,,,,,,,,,,,,,,,,,,,,,,280,,,,,,,,,,,,,,,362,,,,,,,,,,,,,,,,,,,,,,,,,,,,,,,,,,,,,,,,,,,,,,,,,,,,,,,,,,,,,,,,,,,,,,,,,,,,,,,,,,,,,,,,,,,,,,,,,,,,,,159,,,,,,,,,,364,,,,,,,,,,,,,,,,,,,,,,,,,,,,,,659,,,,,,,,,,,,,,,,,,,,,,,,,,,,,236,,,,,,,,,,,,,,,,,,,,,,,,,,,,,,,,,,,,,,,,,231,,,,,,232,,,,,,,,,,,,,,,,,,,328,,,,,,,,,,,,,,,,,,,,,,,,,
2025-05-01T05:05:01+00:00,,,,,,195,,,97,,,,347,,,620,63,,251,296,331,,,351,,,,,,,,,,,,,,,,,,,,,,67,,,,,,,,,,,,,,,,,,,,,,,,,,,,,,,,,,,,,,,,88,,,486,,,,,120,114,937,,,,,,437,,327,,484,,,,,340,,,,,,,,,,,,,,,,,,,,,,,,,,,,,,,,340,,,,,,,,400,,,1805,1351,,,,,121,610,,,574,276,,,129,,,,,,,,,,,,,,,,,,,,,,,,,,,,,,,,,,,,,,165,,,45,,,,,,,,,,,,,,,,,,,,,,,,,,,,,,,,,,,,,,,,,,,,,,,,,138,,,,,,71,,,,,,,,,,,,,,,,,,,,,,,,,,,,,,,,,,,,,,,,,,,,,,,,,,,,,,,,,,,,,,,,,,,,,,,,,,,,,,,,,296,,,,,,,,,,,,278,,,,,,,,,,158,,,,,,,,,,,,,,,,,,,,,,,,,,,,,,,,,,,,,,,,,,,826,,,,658,,,,,,,,,,,,,,,,,,,,,,,,,,,,,,,,,,,,,,,,,,,,,,,,,,,,,,,,,,,,,,,,,,,,,,,,,,,,,,,,,,,,,445,,,,,,,,,,329,,,,,,,,,,,,,,,,,,,,,,746,,,
2025-05-01T05:10:02+00:00,,,,,,193,,,,,,225,,,,,,,250,,,,,,,,,,,,,,,,,,,,,,,,,,97,,,,,,,,,,,,,,,,,,,,,,,,46,,,,,,71,,,,,,,,312,9,,,,,489,,,,,119,,,349,,,,,,,,,,,,,,,,,,,,,,,,,,,,,,,,,,,,,,,,,,,,,,,,,,,,,,,,,,,,,,,,,,,,,,,,,,,,,,,,,,,,,,,,,,,,,,,,,,,,,,,,,,,,,,,,,,,,,,,,,,,,,,,,,,,,,,,,,,,,,,,,,,,,,,,,,,,,,,,,279,137,,,,,,72,,,,,,,,,,,,,,,,,,,,,,,,,,,,,,,,,,,,,,,,,,,,,,,,,,,,,,,,,,,,,,,,,,,,,,,,,,,,,,,,,291,,,,,,,,,,,,,,,,,,,,,,,29,,,,,115,,294,,,,,,,,,,,,,,,,,,,,,,,,,,,,,,,,,,,825,,,,657,,,,,,,,,,,,,,,,,,,,,,,,,,,,,,,,,,,,,,,,,,,,,,,,,,,,,,,,,,,,,,,,,,,,,,,,,,,,,,,,,,,,,446,,,,,,,,,,,,205,,,,,,230,,,,,,,,,,,,,249,,,,
2025-05-01T05:15:01+00:00,,,,100,,189,,,,,,,,,,,,,,,,,,,,,,,,,,,,,,,,,,,,,,,,,,,,,,64,,,92,,,,,,,,,253,45,,,56,,,,,,,73,,,,,,,,311,,,,,,,,,491,,,113,,,,,,,438,1084,329,,483,139,155,,,,,,,,,,,,,,,,,,,,,,,,,,,,,,,,,,,,,,,,,,,401,,,,,,,,,122,,,,570,,,,,214,,,,,,,,,,,,,167,,,,66,,,909,,,,,,,,,,,,,,,,,,,,,,,,,,,,,,,,,,,,,,,,,,,,,,,,,,,,,,,,,,,,,,,,,,,,,135,,,,,,,,,,,,,,,,,,,,1359,,,,,345,339,,117,,,250,,,,203,,,,,199,,,58,159,115,54,34,,,,,437,,,12,,434,,177,,,,342,,,,,,,,,,49,,34,,,,,,,,,,,,289,,,,,,,,,388,,,,,,,,,,,,,,,,,291,,,,295,,,,,,,,,,,,,,,,,,,,,,,,,,,,,,,,,,,,,,,,,,,,,,,,,,,,,,,,,,,132,,,,,,,,,,,,,,,,,,,,,,,,,,,,,,,,,,,185,,,,,,,,,117,,,,,,,,,,785,,,,,,,,,,,447,,337,,,,,,,,,,,,,,,,,,,,,,,,,,,,,,,,,
2025-05-01T05:20:01+00:00,,,,,,184,,,,,,,,,,,,,,,,,206,,,,,,,,,,,,,,,,,,,,,,,,,,,,,,145,,,,,,,,,,,,,,,,45,,,,,,,,,,,,,,,,,,,,487,,,,,,112,,,,,,,,,,,,,,,,,,,,,,,,,,,,,,,,,,,,,,,,,,,,,,,,,,,,,,,,,,,,,,,,,,,,,,,,,,,,,,,,,,,,,,,,,,,65,,,,,,,,,,,,,,,,,,,,163,,,,,,,,,,,,,,,,,,,,,,,,,,,,,,,,,,,,,,,,,,,,,,,,,,529,,134,,,,,400,,,,,,,,410,363,127,,,,,,,,,,347,,,,,,249,,,,,,,,,,,,,,,,,,,,,,,,,,,,,,,,,,,,,,,,,,,,35,,,,,,,,,,,,290,,,,,,72,,,,,,,,,,,,,,,,,,,,290,,116,,,,,,,,,,1065,366,,,,,,,,,,,,,,,,,,,,,,,,,,823,,,,655,,,,,,389,,,,,,,,,,,,,,,,,,,,,,,,,,249,,,,,,,,,,,,,,,,,,,,,,,184,,,,,,,,,,,,,,,,,,,,,,,,,,,,,,,,,,,,,,,,330,,,,,,,,,,,,,,,,,,,,,,747,308,,
2025-05-01T05:25:02+00:00,,,,,,179,,,,160,,,,,,,,,,,,,205,,,,,,,,,,,,,,,,,,,,,,,66,160,,,,,,143,,90,,33,,,,,,,,,,,,,,,,,,,,,,,,,,,,,,221,,486,,,,,118,110,,,,,,,,,,,476,,,204,,,,,,,,,,,,,,,,,,,,,,,,,,,,,,,,,,339,109,,308,,,,,,,,1804,1348,,,,,,,,,,275,,,128,,,,,,,,,,,,,,,,,,64,,,908,,,,,,,,,,,,,,,,,164,,,,,,,,,,,,,,,,,,,,,,,,,,,,,,,,,,,,,,,,,,,,,,,,,,,,130,,,,,,,,,,,,,,,,,,,,1358,,,,,,,,,,,,,,,,,,,,,,,,,,,,,,,,,,,,,,,176,,,,,,,,,,,,,,,,,,,,,,,,,,,,,,,,,,,,,,,,,,,,,,,,,,,30,,,,,,,,,,,,,,93,,,,,,,,,,,,,,,,,,,,,,,,,,,,821,,,,654,,,,,,390,,,,,,,,,,,,,,,,,379,,,,,,,193,,,,,,,,,,,,,,,,,,,,,,,,,,,,,,,,,,,,,,,,,,,,,,,,,,,,,,,444,,,,,,,,,,,,,,,,,,229,,,,,,,,,538,,,,,,,,
2025-05-01T05:30:01+00:00,,,,99,,175,,,,,,226,,,,,62,,249,,,,,,,,,,,,,,,,,,,,,,,,,,,,158,,,,8,,144,,,,,,,,,,,,,,,,,,,,,,74,166,,,,,,,310,,,,220,,488,,,,,,,935,,,,,,,,,,,,,,,,,,,,,,,,,,,,,,,,,,,,,,,,,,,,,,,,,,,,,,,,,,,,,,,,,,,,,,,,,,,,,,,,,,,,,,,,,,63,,,909,,,,,,,,,,,,,,,,,165,,,,,,,,,,,,,,,,,,,,,,,,,,,,,,,,,,,,,,,,,,,,,,,,,,,277,,,,,,,,,,,,,,,,,,,,,,,,,,,,,115,,,,,,,,,,,,,,,,,,53,,,,,,,,,,,433,,,,,,,,,,,,,,,,,,34,,,,,,,,,,,,289,,,,,,,,,,,38,277,,,,,,,,,,,,,171,289,,,158,,,,44,,,,,,,,,,,,,,,,,,,,,,,,,,,,,,,,,,,,,,,,,,,,,,,,,,,,,,,,,,,,,,,,,,,705,,,,,,,,,,,,,,,,,,,,,,,,,,,,,,,2227,,,,,,,,,,,,,,,,,,,,,,,445,62,,,,,,,,,328,,,,,,,,,,,,,,,,,,,,,,,,,
2025-05-01T05:35:01+00:00,241,,,,,167,,,,159,,,,,,,63,71,248,,330,,,,,,,,,,,,,,,428,,,77,,,,1052,,,,,,,,,,,,,,,,,,,,,254,,,,,,,106,,,,73,167,,,69,,,,311,,,,,313,,,,,,117,108,,,,,,377,,,,,474,,153,,,,,,,,,,,,,,,,,,,,,,,,,,,,,,,,,,,,,,,,,,,,,,,,,,,,,,,,,,,,,,,,,,,,,,,,,,,,,34,,,,,,,,,,,,,,,,,,,,,166,,,,,,,,,,,,,,,,,,,,,,,,,,,,,,,,,,,,,,,,,,,,,,,,,,,278,131,,,,,,,,,,,,,,,,,,,,,,,,,,,,,,,,,,,,,,,,,,,,158,,,,,,,,,,,,,,,175,,,,,,,,,,,,,,,,,,,,,,,,,,,,,,,,,,,,,,,,276,,,,,,,,,,,,,,,,,,,,,,,,482,,1064,,,135,,,,,,,,,,,,,,,,,,,,,,,,817,,,,,,,,,,,,,,,,,,,,,,,,,,,,,,,,,,192,,,,,,,,,,,,,,,,,,,,,,,,,,,,,,,,2224,,,,,,,,231,,,,,,,,,,,,,,,444,,,,,,,,393,88,329,,,,421,,,,,,,,,,,,,,,,,,746,,,
2025-05-01T05:40:01+00:00,,,,,,158,393,,,,,,,,,,,,,,,,206,,,,,,,,,,,,,,,,,,,67,1053,,96,,157,,,,,,145,,89,,,,,,,,,,,,,,,,107,,,,72,166,,,70,,,,310,,,,218,,489,,,,,,109,,,,,,,,,,,,,,,,,,,,,,,,,,,,,,,,,,,,,,,,,,,,,,,,340,,,305,,,,,,,,,1340,,,,,124,,,,569,,495,,,,258,,,,,,,,,,,,,,,,64,,,908,,,,,,,,,,,,,,,,,,,,,,,,,,,,,,,,,,,,,,,,,,,,,,,,,,,,,,,,,,,,,,,,,,,,,,,,,,,,,,,,,,,362,,,,,,1357,,,,,348,,,,,,,,,,,,,,,,,,,,,,,,,,,,,,,,434,,174,,,,,,,,,,,,,,,,,,,,,,,,,,,,287,,,,,,,,,,,,,,,,,,,109,,,,,,,,,,,293,,,,,,,,,,,,,,,,,,,,,,,,,,,,,,,,,,,816,,,,655,,,,,,,,,163,126,,,,,,,,,,,,,,,,,,,,193,,,,,,,,,,,,,,,,,,,,,,,,,,,,,,,,2227,59,,,,,,,,,,,785,,,,,,,,,,,445,63,,,,,,,,,,,,,,,,,,,,,,,,,,,,,,,,,,
2025-05-01T05:45:01+00:00,,,,,133,143,392,,,160,,225,,,,,,,247,,331,,207,,,,,,,,,,,,,,,,,,,,,,95,65,,,,,9,,,,,,,,,,,,,253,,,,,43,,105,,,,70,,,,,,,,308,,,,216,,,,,,,118,,,348,,,,,,,330,,471,,151,,,,,,,,,,,,,,,,,,,,,,,,,,,,,,,,,,,339,110,,300,,,,,403,,,1803,1339,,,,,,,,,561,,,164,,213,259,,,,,,,,,,,,,,,33,,,,907,,,,,,,,,,,,,,,,,,,,,,,,,,,,,,,,,,,,,,,,,,,,,,,,,,,,,,,,,,,,,,,,,,,528,275,,,,,,,,,,,,,,,,,,,,,1355,,,,,,338,,,,,,,,,202,,,,,,,,57,,,54,,,,,,,,,,,435,223,175,,,,,,,,,,,,,,,,33,,,,,,,,,,,,285,,,,,,,,,,,39,275,,,,,,,,,,,,,,288,,,,292,,,,,,481,,1061,,,,,,,,,,,,,,,,,,,,,,,,,,,,,,,,,,,,,,,,,,,,,,,,,,,,,,,,,,,,,,,,,,,,,,,,,,,,,,,,,,,,,,,,,,,,,,,120,,,,,,,,,,,,,459,,,,289,,,,,,,,,,,,,,328,,,,422,,,,,,,,,,,,,,190,,,,,,,
2025-05-01T05:50:02+00:00,239,,,,,129,390,,,,,,,,,,,,,,,,,,,,,,,,,,,,,,,,,,,,1052,,,,,,,,,65,147,,,,,,,,,139,,,,,,,44,,107,,,,,,,,69,,,,307,,,,215,314,,,,,,120,,,,,,,,,,,,,,,,,,,,,,,,,,,,,,,,,,,,,,,,,,,,,,,,,,,,,,,,,,,,,,,,,,,,,,,,,,,,,,,,,,,,,,,,,,,,,,,,,,,,,,,,,,,,,,,,165,,,,,,,,,,,,,,,,,,,,,,,,,,,,,,,,,,,,,,,,,,,,,,,,,,527,,,,,,,,,,,,,,329,,,,,,,,1356,,,,,,,,116,,,,,,,,,,,,,,,,159,,52,,,,,,,,,,,434,,,,,,,,,,,,,,,,,,,,,,,,,,,,,,288,,,,,,,,,,,40,,,,,,,,,,,,,,,285,,,,289,42,,45,,,,,,,,,,,,,,,,,,,,,,,,,,,,,,,,814,,320,,656,,,,,,,,,,,,,,,,,,,,,,,,,,,,,237,,,,,,,,,,,,,,,,,,,,,,,,,,,,,,,,,,,,,,,172,,,,,,,,,,,,,,,,,,,,,,,,,,,,,,,,,,,,,,,,,,,,,189,,,,,,69,
2025-05-01T05:55:02+00:00,232,,,97,132,117,389,,,159,,,,,,,,,,,,,,,,,,,,,,,,,,426,,,,,,,,,,64,,,,,,64,,,,,,,,,,,,,,,,,,16,,,,,68,,,,68,,,,306,,,,216,,,,,,,117,,,,,,,,,1083,324,163,457,,,,,,,,,,,,,,,,,,,,,,,,,,,,,,,,214,,,479,,,,,299,,,,,,,,,,,,,,122,609,,,557,276,,,129,,260,,,,,,,,,,,,,,,34,,,,905,,,,,,,,,,,,,,,,,,,,,,,,,,,,,,,,,,,,,,,,,,,,,,,,,,,,,,,,,,,,,,,,,,151,,274,,272,,,,,73,,,,,,,,,,,,,,,,,,,347,,,,,,,,,,,,,,,,,,,,,,,,,,,,,,,,432,,,,,,341,,,,,,,,,,,,,,,,,,,,,,,,287,,,,,148,,,,,,,,,,,,,,,,,,,,,282,,115,157,,43,,,,,479,,,367,,136,,231,,,,,,,,,,,,,,,,,,,,,,,,,,,,,,,,,,,,125,,,,,,,,,,133,,,,,,,,,,,,,,,,,,,,,,,,,,,,,,,,,,,,,,,,,,2224,58,,,,,,,,,,,,,,,,,,,,,,444,,,,,,,,,,329,,,,,,,,228,,,,,,,,,,,,147,,745,,,
2025-05-01T06:00:01+00:00,227,,,,,111,,,,,,,,,,,,,,,,,,,,,,,,,,,,,,,,,,,,,1051,,,63,,,,,,,146,,,,32,,,,,,,,,,,55,43,17,110,,,,72,164,,,,,,,305,8,,,,,487,,,,,118,,,,,,,,,,,,,,,,,,,,,,,,,,,,,,,,,,,,,,,,,,,,,,,,,,,,,,,,,,,,,,,,,,,,,,,,,,,,,,,,,,,,,,,,,268,,,65,,137,906,,,,,,,,,,,,,,,,,164,,,,,,,,,,,,,,,,,,,,,,,,,,,,,,,,,,,,,,,,,,,,,,,,,,,273,,,,,,,,,,,,669,,,,,,,,,,,,,,,,,,,,,,,,,,,,,,,,,,,53,35,,,,,,,,,,,,172,,,,342,,,,,,,,,,,,32,,,,,,,,,,,,285,,,,,,,,,,,,276,,,,,,,110,,,,,,,,,,,,,,,,,,,,,,,,,,,,,,,,,,,,,,,,,,,,,,813,,,,654,,,,,,391,,,,,,,,,,,,,,,,,380,,,,,,,,,,,,,,,,,,,,,,,,,,,,,,,,,,,,,,,,,,,,,,,,,,,,,,,,,,,,,,,,,,,,,,,,,,,,,,,,,,,313,,,,,,,,160,,,744,,,
2025-05-01T06:05:01+00:00,222,,,96,,99,388,,,,,,,,,,62,,,,332,,,350,,,,,,,,,,,,,,,78,,,,,,96,64,,,,,,,,,87,,,,,1202,,,,,,,,54,45,,111,,,,73,,,,67,,,,,6,,,215,,486,,585,490,,116,110,,,627,,,,437,,316,160,448,,146,,166,,,,,,,,,,,,,,,,,,,,,,,,179,,,159,,,,480,,338,112,,297,,,,,,,,,1338,68,,,,,,,,550,,,,128,,261,,,,,,,,,,,,,261,,35,64,,,,,,,,,,,,,,,,,,,,,,,,,,,,,,,,,,,,,,,,,,,,,,,,,,,,,,,,,,,,,,,,,,,,,,528,,,,,,,399,,,,,,,,,,,,,,,,,,,,348,336,,115,,,,,,,,,,,,,,,58,,,,34,,,,,,,,,,431,,,,,,,,,,,,,,,,,,,,,,,,,,,,,,282,,,,,,,,,387,,,,,,,,,,,,,,,,,277,,114,,287,,,,,,478,,1058,366,,137,,,,,,,,,,,,,,,,,,,,,,,,810,,,,650,,,,,,,,,,,,,,,,,,,,,,,,,,226,,,,,706,,,,,,,,,,,,,,,,,,,,,,,482,,,288,,,,,,,,,,,,,,,,,785,,,456,,,,,,,,,64,,,,,,,,89,330,,,,,,,,,,,,,,,,,,,,,,743,,,
2025-05-01T06:10:01+00:00,216,,,95,133,93,387,,,158,373,,,,,,61,,249,,,,,349,,,,,,,,,,,,,,,76,,,,,31,,63,,,,,,,145,,86,,,,,,,,,,,,,55,46,,106,,,,,160,,,,,,,,,,,214,329,488,,,,,117,111,,,,,,,,,,,,,,,,,,,,,,,,,,,,,,,,,,,,,,,,,,,,,,,,,,,,,,,,,,,,,,,,,,,,,,,,,,,,,,,,,,,,,,,168,,,34,,,,908,,,,,,,,,,,,,,,,,,,,,,,,,,,,,,,,,,,,,,,,,,,,,,,,,,,,,,,,,,,,,,,,,,,,274,132,,,,,,,,,,,,328,,,,,,,,,,,,,,,,,,,,,,,,,,,,,,,,,,,32,,,,,,,,,,,,,,,,,,,,,,,,,,,,,,,,,,,,,,,,279,,,,,,,,,388,,,,243,,202,,,,,,,,,,,276,,,,286,,,,372,,,,,,,,,,,,,,,,,,,,,,,,,,,,,,,807,,,,648,,,,,,,,,164,,,,,,,,,,,,,,,,,,,753,,192,,248,,,,,,,,,,,,,,,,,,,,,,,,,,,,,,,,,,,,,,,,,,,,,,,,,,,,,,,,,,,,,,,,,,,,,,,,,,,,,,,,537,192,,,,,,,
2025-05-01T06:15:02+00:00,213,,,93,,84,386,,,,374,,,,,,,,,,,,,,,,,,,,,,,,,428,,,75,,,,,29,,,156,,,,,,146,,,,,,,,,,,,43,,,56,,,105,,,,,159,,,,,,,306,,,,215,330,,,,,,114,,,,,,,,,,317,158,444,,,,,,188,,,,,,,,,,,,,,,,,,,,,,,,,158,,132,,,,340,114,,295,,,,,402,,,1804,1337,67,,,,123,,,,528,,494,,,216,,,,,,,,,,,,,,,,,65,,136,,,,,,,,,,,,,,,,,,,,,,,,,,,,,,,,,,,,,,,,,,,,,,,,,,,,,,,,,,,,,,,,,,,,,,131,,,,,,,,,,,,,,,,,,,,,,,,,349,,,114,,,,,,,,,,,,,,,,,,,,,,,,,,,,,428,,,,,,,,,,,,,,,,,,,,,,,,,,,,,,275,,,,,,,,,,,,275,,,,,,18,111,,,,,,,275,,,,,,144,44,373,,479,,1057,,,,,232,,,,,,,,,,,,,,,,,,,,,,808,,,,646,,,,,,,,,,,,,,,,,,,,,,,,,,,,,,,,,,,,,,,,,,,,,,,,,,,,,,,,,,,,,,,,,,,,,,,,,,,,,,,,,,,,,,,,,,,,,,,,,,,,,,,,,,,,,,,,,,,,,,,,
2025-05-01T06:20:01+00:00,210,,,90,,77,,,,,373,,,,,621,62,,250,,,,,,,,,,,,,,,,,426,,,74,,,,,30,97,,155,,,,,63,147,,83,,31,,,1203,,,,254,44,,,,,16,106,,,,72,157,,,66,,,,305,,,,214,,,,,,,113,110,934,,,,,,,,,,,,,,,,,,,,,,,,,,,,,,,,,,,,,,,,,,,,,,,,,,,,,,,,,,,,,,,,,,,,,,,,,,,,,,,,,,,,,,167,257,,32,64,,,906,,,,,,,,,,,,,,,,,,,,,,,,,,,,,,,,,,,,,,,,,,,,,,,,,,,,,,,,,,,,,,,,,,,,275,,,175,,,,,,,,,670,329,,,,,,,,,,,,,350,,,,,,,,,,205,,,,,,,,,,,,,,,,,436,,,,,426,,,,,,,,,,,,,,,,,,,,,,,,,,,,,,268,,,,,,,,,,,,,,,,,,,,,,,,,172,,,,,,,,,,,,,,,,,,,,,,,,,,,,,,,,,,,,,,,,,,,,643,,,,,,,,,,126,,,,,,,,,,,,,,,,,,,,,,,,,,,,,,,,,,,,,,,,,,,,,,,,,,,,,57,,,,,,,,,,,,,,,,,,,,,,,,336,,,,,,,,,,,,,,,310,,,,,,,,,,,,,,,742,,,
2025-05-01T06:25:01+00:00,200,,,89,,62,385,,,,,224,348,,,,63,,,,,,209,348,,,,,,,,,,,,,,,73,,,,,,,64,,,,,,64,,,82,,,,,,,,,,45,,,,,,107,,,,70,156,,,67,,,,310,5,,,,,487,,,,,116,111,,349,,,,,435,1082,312,157,441,,,,,,186,,,,,,,,,,,,,,,,,,,,,,180,,,159,,,,481,,341,,,294,,,,,403,,,,1336,68,,,,,,,,521,,,,,,262,,,,,,,,,,,,,,,,65,,137,908,,,,,,,,,,,,,,,,,,,,,,,,,,,,,,,,,,,,,,,,,,,,,,,,,,,,,,,,,,,,,,,,,,,,,130,,,,,,74,,,,,,,,,,,,,,1355,,,,,,,,113,,,,,,,,,,,,,,,,160,,52,31,,,,,,,,,,423,,174,,,,,,,,,,,,,,,,,,,,,,,,,,,,266,,,,,,,,,,,,,,,,,,,112,,,,,,170,273,,113,,,,,,372,,,,1056,367,,,194,,,,,,,,,,,,,,,,,,,,,,,806,,,,642,,,,,,,,,,,,,,,,,,,,,,,,,,,,,236,193,,,,,,,,,,,,,,,,,,,,,,,,,,,,,,,,,,,,,,,,,,,,786,,,,,,,,,,,445,,,,,,,,,90,331,,,,423,,,311,,,,,,,,,,,189,,,,741,,70,
2025-05-01T06:30:01+00:00,197,,,87,,53,382,,,156,374,,351,,,,,,251,,331,,,,,,,,,,,,,,,425,,,72,,,66,1050,,95,65,,,,,,63,,,83,,,,,,,,,,,,,57,45,,108,,,,68,,,,68,,,,307,,,,212,,485,,584,489,,117,112,,,,,,,,,,,,,,,,,,,,,,,,,,,,,,,,,,,,,,,,,,,,,,,,,,,,,,,,,,,,,,,,,,,,,,,,,,,,,,,,,,,,,,,,,53,31,68,,,905,,,,,,,,,,64,,,,,,,165,,,,,,,,,,,,,,,,,,,,,,,,,,,,,,,,,,,,,,,,,,,,,,,,,,,,,,,,,,,,,,,,,,,,,,,,,,,,,348,,,108,,,,,,,,,,,,,,,,,,51,,,,,,,,,,,422,,,,,,,,,,,,,,,,,,,,,,,,,,,,,,261,,63,,,149,,,,,,,,244,,,,,,,,,,,,169,,,112,,287,,145,,,,478,,1055,,,138,195,233,,,,,,,,,,,,,,,,,,,,,,,,,,,,,,,,,,,,,,,,,,,,,,132,,,,,,,,,,,,,,,,,,,,,,,,,,,,,,,,,,,,,,,,,,,,123,,,275,,,,,,,,,232,,,,,,,,,,,337,,,516,,,,,,,,,,,,312,229,,,,,,,,,,188,,149,,740,,,
2025-05-01T06:35:01+00:00,192,,,86,,50,380,,96,,,,352,,154,,,,252,294,,,,,,,,,,,,,,,,424,,,70,,,65,,29,,,156,,,,8,,,,,,,,,,,,,,,,,58,44,,110,,,,67,158,,,,,,,,7,,,211,,488,265,,,,119,,,347,,,,376,430,,309,155,440,,,,164,339,,,,,,,,,,,,,,,,,,,,,,,,,,,,,,,,,,,,,,,,,,,,,,,,,,,,,,,,,,,,,,,,,,,,,,,,247,,33,69,,,903,,,,,,,,,,,,,,,,,,,,,,,,,,,,,,,,,,,,,,,,,,,,,,,,,,,,,,,,,,,,,,,,,,,529,,,,,,,401,,,,,,,,,,,,,,,,,,,,350,334,,,,,,,,,,,,,,,,,,,,,,,,,,,,,,,420,,,,,,,,,,,,,,,,,,,,,,,,,,,,,,262,,62,,,,,,,,,,,,,,,,,,,,,,,,272,,111,,286,,,,,,,,,,,,,,,,,,,,,,,,,,,,,,,,,,,,,,,,,,,,,,,,,125,,,,,,,,,,,,,,,,,,,235,,,,,,,,,,,,,,,,,,,,,,,,,,,,,,,,,,59,,,,,172,,231,,,,,,,,,,,289,,,,446,65,338,,,,,,,91,332,,,,,,,313,,,,,,,,,,,189,,,,,,,
2025-05-01T06:40:01+00:00,191,,,,,41,379,,,157,,,,,,,,,253,,332,,,349,,,,,,,,,,,,,,,,,,64,1051,30,,64,,,,,,,,,,,,,,,,,,,,,,59,46,,111,,,8,65,156,,,,,,,305,,,,,,485,266,,,,121,111,933,,,,,,,,,,,,,,,,,,,,,,,,,,,,,,,,,,,,,,,,,,,,,,,336,115,,292,,,,,402,,,,1335,69,,,,125,608,,,506,275,,,129,215,,,,,,,,,,,,,,,54,32,68,,,904,,,,,,,,,,,,,,,,,163,,,,,,,,,,,,,,,,,,,,,,,,,,,,,,,,,,,,,,,,,,,,,,,,,,,,,,,,,,,,,,,,,,361,,,,,,,,,,,351,333,,109,,,,,,,,,,,,,,,57,159,,50,,,,,,435,,,,,416,,175,,,,340,,,,,,,,,,,,33,,,,,,,,,,,,258,,,,,,,,,387,,,274,245,,201,,,,,,,159,,,170,270,,,,,,144,43,,,473,,1053,341,,,,232,,,,,,,,,,,,,,,,,,,,,,804,,,,,,,,,,,,,,124,,,,,,,,,,,,,,,,,156,,236,,,249,,,,,,,,,,,,,,,,,,,,,,,,,,,399,,,,58,126,,,,,,,,,,,,,,,,,,,,,,,,,83,,,,,,,,,,,,,314,,,,,,,,,,,193,,150,,,,,
2025-05-01T06:45:02+00:00,,,,,132,38,380,,,158,,,353,,,620,62,,,292,,,,,,,,,,,,,,,,,,,69,,,,1050,,,62,,,,,,62,145,,85,,,,,1204,,,,255,,,,58,,15,110,,,,63,150,,,,,,,306,8,,,,329,488,265,,490,,119,112,,348,,,,,429,1081,304,,439,,,203,160,,,,49,,,,427,,339,185,,173,71,,40,,,,162,62,517,345,181,,,,,,,,,334,,,289,,,,,403,,,1803,1338,,,,,120,609,,,477,,,,130,216,,,,,,,,,,,,,,,56,,69,,133,903,,,,,,,,,,,,,,,,,164,,,,,,,,,,,,,,,,,,,,,,,,,,,,,,,,,,,,,,,,,,,,,,,,,,,,,,,,,,,,,,,,,,,,,,,,1354,,,,,352,,,,,,,,,,,,,,,,,,,158,,,,,,,,434,,,,,408,,174,,,,341,,,,,,,,,,,,,,,,,,,,,,,,253,,,,,,,467,,,,39,275,246,,200,,,,,,,,29,,,266,,109,156,,,,,,,472,,,,,,194,227,,,,,,,,,,,,,,,,,,,,,,,,,,639,,,,,,390,,,,,,,,,,,,,,133,,,379,,,225,,754,,,,,,,,,,,,,,,,,,,,,,,,,,,,,,,,,,,56,,,,,,,,,,,785,,,,,,,,,,,,,,,,,,,,,,,204,,,,,,230,,,,,,,,,538,195,,151,,741,,,
2025-05-01T06:50:01+00:00,,80,,,,34,379,,,157,,,354,,,619,60,,,291,333,,,,,,,,,,,,,,,420,,,68,,,,1049,,,63,,,,,,,,,,,30,,,,,,,257,,,,57,45,13,113,,,,,149,,,67,,,,,,,,207,,487,267,585,,,,110,,,,,,,,,,,,,,,,,,,,,,,,,,,,,,,,,,,,,,,,,,,,,,,,,,,,,,,,,,,,,,,,,,,,,,,,,,,,,,,,,,,,,,,,226,,34,68,,132,,,,,,,,,,,65,,,,,,,,,,,,,,,,,,,,,,,,,,,,,,,,,,,,,,,,,,,,,,,,,,,,,,,,,,,,,,,,400,,,,,,,,,,,,,,,,,,,,351,,,108,,,,,,,,,,,,,,,,159,114,51,30,,,,,,,,,,403,,173,,,,340,,,,,,,,,,,,,,,,,,,,,,,,249,,,,,,,,,,,,273,247,,199,,,,,,,,,,,,,110,155,,,,,371,,471,,1051,343,,,195,226,,,,,,,,,,,,,,,,,,,,,,802,,319,,636,,,,,,,,,,123,,,,,,,,,,,,,,265,,,,,235,,,250,,,,,,,,,,,,,,,,,,,,,,,,,,,,,,,55,,,,,,,,,,,,,,,,,,,,,,,,,,,,,,,,,,205,,424,,457,,231,,,,,,,,,,194,,,,,,,
2025-05-01T06:55:01+00:00,187,79,,85,,30,377,,,156,,223,,,,,,,,,332,,208,350,,,,,,,,,,,,419,,,,,,65,1048,,,64,157,,,,,,146,,86,,29,,,,,,,,,,,55,,14,115,,,7,62,,,,,49,,,,7,,90,205,,486,,,488,,123,111,,,,,,375,431,1278,399,,433,230,145,234,227,486,303,,,,,,426,,340,,,,,,,,,,,,,,,,,,,,,480,,331,,,286,,,,,404,,,,,,,,,119,,,,465,274,,,,,,,,,,,,,,,,,,,,33,,,130,901,,,,,,,,,,64,,,,,,,,,,,,,,,,,,,,,,,,,,,,,,,,,,,,,,,,,,,,,,,,,,,,,,,,,,274,129,,174,,94,,73,,,,,669,,,,,,,,91,1353,,,,,352,332,,105,,,,,,,,,,,,,,,,158,,50,,,,,,432,,,,,398,,174,,,,341,,,,,,,,,,,,31,,,,,,,,,,,,248,,,,,,,,,386,,,272,,,197,,,,113,,,,,,,262,,108,,,,,42,,,,,,,,,,,,,,,,,,,,,,,,,,,,,,,,,,,,634,,,,,,,,,,124,,,,,,,,,,,,,378,,,,,753,,,,,,,,,,,,,,,,,,,,,,,,,159,,183,,,,,,,,57,,,,,,,,,,,,,,456,,,,289,,,141,,64,,,82,,,381,,92,,,,,,,,,,,,,,,,,,,,,,,739,,,
2025-05-01T07:00:02+00:00,185,80,,,,28,376,,,155,,222,,,,,58,,,,333,,,349,,,,,,,,,,,,417,,,64,,,66,1047,,94,62,,,,,,61,145,,,,,,,,,,,,,,,54,44,13,113,,,,56,150,,,65,,,,,,,,206,,487,,,,,,109,,,,,,,,,,,,,,,,,,,,,,,,,,,,,,,,,,,,,,,,,,,,,,,,,,,,,,,,,,,,,,,,,,,,,,,,,,,,,,,,,,,,,,,,,,32,69,,,,,,,,,,,,,65,,,,,,,166,,,,,,,,,,,,,,,,,,,,,,,,,,,,,,,,,,,,,,,,,,,,,,,,,,,,,,,426,,,,,,,,670,327,,360,,,,,,,,,,,347,,,101,,,,,,,,,,,,,,,,,,,,,,,,,,,,,391,,,,,,342,,,,,,,,,,,,,,,,,,,,,,,,245,,,,,,,,,385,,,,,,196,,,,,,,,28,,,260,,109,,,,142,43,372,,468,,1050,341,,,,,,,,,,,,,,,,,,,,,,,,,,797,,,,633,,,,,,,,,,,,,,,,,,,,,,,377,,,,155,752,234,192,704,,,,,,,,,,,,,,,,,,,,,,,,182,,,,,,,,55,,,,,173,,,,,,,,,,,,,,,,,447,,339,,,,,380,,,,,,,423,,456,,,,,,,,,,,536,,,,248,,,,
2025-05-01T07:05:01+00:00,179,,184,84,131,22,377,,,157,,,355,,,,,,252,290,331,,209,,,,,,,,,,,,,416,,,63,,,,1048,,93,61,156,,,,,,141,,87,,,,,,,140,,,,,,,45,,117,,,5,50,145,,,,,,,304,8,,,,,486,,,487,,122,,932,349,,,,,432,1279,394,,431,,144,,223,485,302,,,,,,,,,,,,,,,,,,,,,,180,,199,,,,,479,181,328,114,,278,,,,,402,,,1805,,,,,,122,,,,445,,493,,131,217,261,,,,,,,,,,,,168,200,57,31,70,,131,,,,,,,,,,,66,,,,,,,167,,,,,,,,,,,51,,,,,,,,,,,,,,,,,,,,,,,,,,,,,,,,,,,,,,,,273,,,,,95,,72,,,,,671,,,,,,,,,,,,,,345,329,,100,,,248,,,,,,,,,,,,,157,,,,,,,,,,,,,388,222,175,,,,,,,,,,,,,,,,,,,,,,,,,,,,249,,,,,,,,,,,,273,,,195,,,,,,,,27,,,257,,,,,42,141,44,371,,,,,,,,,,,,,,,,,,,,,,,,,,,,,,,798,,,,632,,,,,,389,,,,,,,,,,,,,,,,,375,266,,,,,,191,703,,,,,,,,,,,,,,,,,,,,,,,482,,,,,,,,,,126,,,274,,,,,,,,,,,,,,,,,,,,,,,,,,,,,,,,424,,,,,,,,,,,,,,195,,150,,,,,
2025-05-01T07:10:02+00:00,174,82,,,132,20,376,,95,,,223,,,,,,,250,289,328,,211,348,,,,,,,,,,,,414,,,62,,,,1049,,,,157,,,,,,139,,,,,,,,,,,,44,,,55,,,115,,,4,,141,,,63,,,,301,,,,,,,,,486,,127,,931,,,364,,,,,,,,,,,,,,,,,,,,,,,,,,,,,,,,,,,,,,,,,,,,,,,,,,,,,,,,,,,,,,,,,,,,,,,,,,,,,,,,,,,169,,,32,68,,130,900,,,,,,,,,,,,,,,,,166,,,,,,,,,,,,,,,,,,,,,,,,,,,,,,,,,,,,,,,,,,,,,,,,,,,,128,,,,,,,,,,,,,,361,,,,,,,,,,,344,,,96,,,,,,,,,,,,,,,,,,,,,,,,431,,,,,374,220,173,,,,,,,,,,,,,,,,30,,,,,,,,,,,,253,,,,,,,466,,,,,272,,,194,,,,,,,,,,169,254,,105,,,,140,,372,,462,,1047,339,,,,224,,,,,,,,,,,,,,,,,,,,,,,,,,631,,,,,,,,,,,,,,,,,,,,,,,,267,,,154,,233,,701,,,,,,,,,,,,,,,,,,,,,,,,,,,,,,,,,129,,,,,,,,,,,,,,,,,,,,140,,65,340,,,,,,394,,333,,,,,,,,,,,,,,,,,537,194,,,,736,,,
2025-05-01T07:15:01+00:00,171,,,,,44,375,,,,,224,,,,618,59,,,288,326,,,346,,,,,,,,,,,,412,,,,,,,1046,,,60,159,,,,,58,138,,88,,28,,,,,,,,43,,,50,44,14,114,,,,52,140,,,,,,,,,,,,,488,,,,,,,,350,,,407,374,430,1274,390,,428,,145,,218,482,301,,,,,,,,,,,,,,,,,,,,,,,,,,,,,,,,,,,,,,,,,,,,,,,,,,,,,,,,,,,,,,,,,,,,,,170,,,,67,,131,,,,,,,,,,,68,,,,,,,163,,,,,,,,,,,,,,,,,,,,,,,,,,,,,,,,,,,,,,,,,,,,,,,,,,,272,126,,173,,,398,,,,,,,328,,,,,,,,1352,,,,,343,325,,,,,,,,,,,,,,,,,,,,51,,,,,,430,,,,,368,219,,,,,341,,,,,,,,,,,,29,,,,,,,,,,,,250,,,,,,,,,383,,,,,,,,,,,,,,,,168,251,,103,,,,139,,,,,,,,,,,,,,,,,,,,,,,,,,,,,,,,,796,,317,,630,,,,,,,,,,,,,,,,,,,,,,,,,,,,753,,,699,248,,,,,,,,,,,,,,,,,,,,,,,,,,,,,,,53,132,,,,,,,,,,,,,456,,,,289,,,139,,,,,,,,,395,,334,,,,425,,455,,232,,,,,,,,,,,,,,734,,,
2025-05-01T07:20:01+00:00,167,,,81,,41,370,,,,,,356,,,619,58,,251,287,325,,210,348,,,,,,,,,,,,413,,,61,,,64,1047,,95,59,158,,,,,,136,,,,,,,,,,,260,,,,49,42,,113,,,,49,,,,64,,,,293,,,,205,,487,,,485,,128,106,930,,,,,,,,,,,,,,,,,,,,,,,,,,,,,,,,,,,,,,179,,,,215,,,481,,324,111,,282,,,,,401,,,1807,1342,68,,,,123,608,,,435,273,,,133,220,262,,,,,,,,,,,,172,167,,31,66,,130,899,,,,,,,,,,67,,,,,,,,,,,,,,,,,,,,,,,,,,,,,,,,,,,,,,,,,,,,,,,,,,,,,,,,,528,,125,,,,,400,71,,,,,,329,,,,,,474,,1351,,,,,340,323,,95,,,,,,,,,,,,,,,58,,,,,,,,,429,,,,,362,218,,,,,,,,,,,,,,,,,30,,,,,,,,,,,,249,,,,,,73,,,382,,,,,,,,,,,,284,,,,167,245,,101,,287,,,43,374,,461,,1044,,,,,222,,,,,,,,,,,,,,,,,,,,,,,,314,,628,,,,,,,,,,,,,,,,,,,,,,,373,266,,224,155,754,,,696,,,,,,,,,,,,,,,,,,,,,,,,181,,,,,,,,54,,,,,,,,,,,784,,,,,,,,,,,,,,,83,,,381,,91,,,,,,,,,,,,,,,,,,538,,,151,,,,,
2025-05-01T07:25:01+00:00,166,,,80,133,39,,,,155,,,355,,,617,,,,284,323,,209,349,,,,,,,,,,,,410,,,,,,63,,,93,56,157,,,,7,,,,89,,,,,1205,,,,,39,,,48,,13,112,,,2,39,137,,,,,,,,,,92,202,331,486,,,487,,127,107,928,,626,,,,431,1271,389,154,426,,144,233,211,477,297,,,,,,,,,,,,,,,,,,,,,,180,,,,,,,480,,320,110,,284,,,,,403,,,,1340,69,,,,122,,,,428,274,490,165,,219,264,,,,,,,,,,,,,,58,,65,,,898,,,,,,,,,,66,,,,,,,164,,,,,,,,,,,,,,,,,,,,,,,,,,,,,,,,,,,,,,,,,,,,,,,,,,527,,123,,,,,,70,,,,,,,,,,,,473,96,1350,,,,,338,322,,,,,,,,,,,,,,,,,57,158,,49,,,,,,430,,,11,,351,,174,,,,,,,,,,,,,,,,,,,,,,,,,,,,248,,61,,,,74,,,381,,,,,,,,,,,,283,,,,,,,102,,286,41,,42,,,462,,1043,338,,,,,,,,,,,,,,,,,,,,,,,,,,,,,,627,,,,,,,,,,,,,,,,81,,,,,,,372,,,225,153,,232,190,687,246,,,,,,,,,,,,,,,,,,,,,,,,,,,,,,,55,,,,,,,228,,,,785,,,453,,,,,,,,,66,341,,,,,382,,90,,,204,,,,,,,,,,,,,,,536,196,,150,,,,,
2025-05-01T07:30:02+00:00,162,,,,,34,364,,,154,373,,,,,,57,,,283,,,208,,,,,,,,,,,,,407,,,59,,,,1048,,94,52,155,,,,8,,138,,,,27,,,,,,,261,36,,,46,43,12,115,,,1,35,135,,,65,,,,,4,,,204,330,487,266,586,486,,121,106,925,,,,,,,,,,,,,,,,,,,,,,,,,,,,,,,,,,,,,,,,,,,,,,,,,,,,,,,,,,,,,,,,,,,,,,,,,,,,,,,,,,,,,,,,,29,,,129,897,,,,,,,,,,67,,,,,,,,,,,,,,,,,,,,,,,,,,,,,,,,,,,,,,,,,,,,,,,,,,,,,,,,,,,,,,,,,,,,,,,,,,,,,,,,,,,,,317,,90,,,,,,,,,,,,,,,,,115,48,31,,,,,,,,,,345,217,173,,,,340,,,,,,,,,,,,29,,,,,,,,,,,,244,,63,122,,,73,,,383,,,,,,193,,,,,,,,,,165,239,,100,,,,140,41,,,454,,1042,336,,,,,,,,,,,,,,,,,,,,,,,,,,795,,313,,625,,,,,,388,,,,,,,,,,,,,,,,,369,,,,152,,229,189,684,244,,,,,,,,,,,,,,,,,,,,,,,,,288,95,,,,,56,,,,275,174,,,,,,,,,,,,,,,,,,67,340,,,,,,,,,,203,78,,,,,234,,65,,,,,,,,195,,,,735,,,
2025-05-01T07:35:01+00:00,160,,,,134,30,362,,,155,,223,,,156,613,59,,,282,,,207,,,,,,,,,,,,,406,,,58,,,62,,,93,47,156,,,,,55,,,90,,,,,,,,,263,33,,,43,,,114,,,,34,132,,,,,,,292,6,,,205,,484,267,585,483,,,,923,,,,,372,432,1270,373,,424,,,229,199,468,291,,,,,,,,,,,,,,,,,,,,,,181,,,,216,,,481,,321,113,,282,,,,,,,,1809,,68,,,,,,,,414,272,488,,,,266,,,,,,,,,,,,,132,,28,63,,127,896,,,,,,,,,,,,,,,,,,,,,,,,,,,,,,,,,,,,,,,,,,,,,,,,,,,,,,,,,,,,,,,,,,,,271,,,,,,401,69,,,,,,,,362,,,,,,1351,,,,,,315,,87,,,249,,,,,,,,,,,,56,,,49,,,,,,,,,,,333,,174,,,,339,,,,,,,,,,48,,,,,,,,,,,,,,243,,64,,,,,,,381,,,271,,,,,,,,,,158,28,,162,235,,98,154,,42,,,,,450,,,335,,139,,,,,,,,,,,,,,,,,,,,,,,,793,,314,,,,,,,,,,,162,125,,,,,,,,,,,,,368,,,,,753,230,188,680,,,,,,,,,,,,,,,,,,,,,,,,,,,,,,,2227,54,,,,276,,,,,,,,,232,,,,,,,,,,68,338,,,,,,,,,,204,,,,,315,235,,,314,,,,,,,192,,149,,736,,,
2025-05-01T07:40:01+00:00,159,,,,135,23,,,,,,224,,,,612,60,,249,,,,,,,,,,,,,,,,,405,,,72,,,63,,,92,45,155,,,,,54,137,,91,,,,,,,,,,30,,,44,,11,,,,0,31,131,,,64,,,,,,,,203,331,487,,584,486,,,107,920,,,,,,,,,,,,,,,,,,,,,,,,,,,,,,,,,,,,,,,,,,,,,,,,,,,,,,,,,,,,,,,,,,,,,,,,,,,,,,,,,,,,,,173,,62,,65,,125,894,,,,,,,,,,,,,,,,,,,,,,,,,,,,,,,,,,,,,,,,,,,,,,,,,,,,,,,,,,,,,,,,,,,,269,122,271,,425,,,70,,,,,,328,,,,,237,,,1350,,,,,340,311,,84,,,,,,,,,,,,,,,,,113,,,,,,,,,,,,325,216,175,,,,338,,,,,,,,,,,,28,,,,,,,,,,,,241,,,121,,,,465,,,,40,,,,,,,,,,,,29,,160,233,,96,,,,,40,,,444,,1041,331,,,,220,,,,,,,,,,,,,,,,,,,,,,792,,311,,627,,,,,,389,,,,,,,,,,80,,,,,,,,265,,224,153,,229,,679,245,,,,,,,,,,,,,,,,,,,,,,,178,,,,,,,2230,55,135,,,,,,225,,,,,,233,,87,,,,,,138,446,,,,,,,,,,,,,,426,,456,,236,,,,,450,,,,534,193,,150,,734,,,
2025-05-01T07:45:01+00:00,154,,,79,,38,360,,,154,,223,,,,610,,,246,280,318,,204,345,,,,,,,,,,,,397,,,71,,,62,,,91,42,154,,,,,53,134,,92,,23,,,,,,,264,29,,,42,41,12,118,,,,32,127,,,,,,,284,4,,91,196,,486,,585,484,,124,106,916,348,,363,,373,431,1271,371,153,418,229,,226,196,467,,,,,,,,,,,,,,,,,,,,,,,178,,,,,133,,,,323,112,,284,,,,,404,,,,1341,69,,,,,607,,,412,271,486,,,218,,,,,,,,,,,,,175,,63,29,60,,124,,,,,,,,,,,64,,,,,,,,,,,,,,,,,,51,,,,,,,,,,,,,,,,,,,,,,,,,,,,,,,,,,,,,,,,267,,,,424,,,,,305,,,670,,,361,,,,472,,,,,,,341,308,,82,,,250,,,,,,,,,,,,,,,,,,,,,427,,,,,308,,176,,,,336,,,,,,,,,,,,,,,,,,,,,,,,238,139,63,,96,,,464,,,,,,,,,,,17,112,,,157,,,,228,,97,,285,,,,373,,442,,1042,328,,,194,218,,,,,,,,,,,,,,,,,,,,,,790,,,,,,,,,,388,,,,,,,,,,,,,,,,,367,,,,151,,228,,,242,,,,,,,,,,,,,,,,,,,,,,,,,,,,,,,54,,,,,,,,,,,784,,232,,,,,,,,137,447,,,,,,,,,,,,,,425,,,,,,,,,,,,,533,190,,,,733,,,
2025-05-01T07:50:02+00:00,152,,,78,,33,356,,,152,372,221,,,,609,,,245,279,315,,203,343,,,,,,,,,,,,394,,,69,,,61,1047,,92,34,155,,,,,52,133,,93,,,,,,,,,265,26,,,43,,,,,,,26,125,,233,,,,,286,,,,193,,487,266,,483,,130,107,913,,,,406,,,,,,,,,,,,,,,,,,,,,,,,,,,,,,,,,,,,,,,,,,,,,,,,,,,,,,,,,,,,,,,,,,,,,,,,,,,,,,,,,,,97,,28,59,,121,890,,,,,,,,,,,,,,,,,162,,,,,,,,,,,,,,,,,,,,,,,,,,,,,,,,,,,,,,,,,,,,,,,,,,525,261,121,,172,,,,,,304,,,,,,,,,,474,,1351,,,,,337,304,,80,,,,,,,,,,,,,,,,157,112,50,,,,,,426,,,,,302,217,,,,,333,,,,,,,,,,,,27,,,,,,,,,,,,234,,,118,95,,72,463,,378,36,,,,,,,,,,,282,156,28,,158,224,,93,,,41,,,371,,439,,,327,,,,216,,,,,,,,,,,,,,,,,,,,,,786,,309,,623,,,,,,,,,163,,,,,,,79,,,,,,,363,264,,223,149,751,227,186,674,,,,,,,,,,,,,,,,,,,,,,,,,,287,,,,,2233,55,,,,275,,,,,,,,,231,450,,,,,,,136,446,,340,,,,,,,,,,203,,,,,316,234,,66,,,,,57,,,191,,,,734,307,,
2025-05-01T07:55:02+00:00,144,,,,,24,354,,,151,,219,,,,608,59,,239,278,312,,201,341,,,,,,,,,,,,,,,71,,,,,,93,26,153,,,,,,134,,92,,,,,,,139,,266,,,,,40,10,,,,,23,123,,,62,,,,,5,,,191,329,,,586,,,127,,905,,,361,,,,1269,364,152,414,228,,217,191,461,290,,,,,,,,,,,,,,,,,,,,,,176,,197,156,,,,482,,314,,,280,,,,,405,,,1808,1340,,,,,117,,,,389,268,487,166,134,219,267,,,,,,,,,,,,178,,,27,56,,120,887,,,,,,,,,,,,,,,,,163,,,,,,,,,,,,,,,,,,,,,,,,,,,,,,,,,,,,,,,,,,,,,,,,,,524,,120,,173,,,400,68,,305,,,,327,,360,128,,,473,,,,,,,335,303,,79,,,249,,,,,,,,,,,,57,,,49,,,,,,,,,,,295,,175,,,,329,,,,,,,,,,,,24,,,,,,,,,,,,233,,,117,,,73,,,,,,,,,192,,,,,,,,29,,157,221,,88,,,39,,38,,,438,92,,326,,137,,214,,,,,,,,,,,,,,,,,,,,,,,,,,,,,,,,,,,,,,,,,,,,,,,,,,,,,147,750,,184,673,240,,,,,,,,,,,,,,,,,,,,,,,,,,,,,,2239,,,,,,174,,,,,,783,,,447,,,,,,,138,,69,,,,,,,,,,,202,,426,,,,,,,315,,,,,,531,190,,,,731,306,,
2025-05-01T08:00:01+00:00,143,,,77,,20,353,,,153,371,218,,,,606,,,,277,309,,200,336,,,,,,,,,,,,392,,,72,,,62,1048,,,11,154,,,,,,135,,,,22,,,,,138,,270,23,,,42,,9,111,,,,15,125,,,63,,,,284,6,,93,,330,,267,584,,,124,106,896,,,,,,,,,,,,,,,,,,,,,,,,,,,,,,,,,,,,,,,,,,,,,,,,,,,,,,,,,,,,,,,,,,,,,,,,,,,,,,,,,,,,,,,,,,,,117,,,,,,,,,,,,,,,,,,,,,,,,,,,,,,,,,,,,,,,,,,,,,,,,,,,,,,,,,,,,,,,,,,,,521,,,,,422,,401,,,,337,,,,409,359,,,,,95,,,,,,331,301,,77,,,,,,,204,,,,,196,,,,,,48,,,,,,,,,,,290,216,172,,,,328,,,,,,,,,,,,25,,,,,,,,,,,,229,138,,115,94,148,,,,377,,,,,,191,,,,,,280,,28,,,215,,85,,284,37,,37,372,,435,,1040,324,,,,213,,,,,,,,,,,,,,,,,,,,,,783,,307,,621,,,,,,,,,162,,,,,,,,,,,132,,,362,262,,,,749,223,177,,239,,,,,,,,,,,,,,,,,,,,,,,175,,,,,,,2242,56,,,,,,,,,,,782,,,,,,,,,,,442,70,,,,,,,,92,,,,,,,455,,235,,,,,,,,,532,191,,149,,729,305,,
2025-05-01T08:05:01+00:00,136,,,,,16,351,,,152,370,,,,,605,,,237,275,307,,199,335,,,,,,,,,,,,387,,,71,,,63,1049,,94,7,153,,,,7,50,134,,,,21,,,,,,,,,,,38,39,,110,,,,14,120,,,61,48,,,286,7,,,188,,,,583,,,121,109,,,625,359,405,,432,1271,356,150,407,226,,215,181,456,283,,,,,,,,,,,,,,,,,,,,,,,,,,,,,,,,,,,,,,,,,,,,,,,,,,,,,,,,,,,,,,,,,,,,,,177,72,64,26,57,,115,881,,,,,,,,,,62,,,,,,,161,,,,,,,,,,,51,,,,,,,,,,,,,,,,,,,,,,,,,,,,,,,,,,,,,,150,520,260,,,,423,,,,,306,338,,,,,358,,,,469,,,,,,,329,299,,,,,,,,,,,,,,195,,,58,,110,47,,,,,,,,,,,281,218,170,,,,,,,,,,,,,,,,,,,,,,,,,,,,228,,,,,149,75,,,376,,,270,248,,190,,,,,,,,29,,158,208,,80,153,,,139,36,,,,,1038,319,,138,193,211,,,,,,,,,,,,,,,,,,,,,,781,,303,,620,,,,,,,,,,,,,,,,,,,333,,,,361,259,,,146,746,222,,669,235,,,,,,,,,,,,,,,,,,,,,160,,172,,,,,,,,58,,,,276,175,,225,,,,,,228,444,,,,,,,137,444,,,,,,,,,,335,,,,427,,,314,233,,,,,,,58,,,,,,,727,,,
2025-05-01T08:10:01+00:00,139,,,75,136,18,349,,,149,,219,,,,,,,234,,304,,198,,,,,,,,,,,,,388,,,67,,,,,,,1,154,,,,,45,133,,,,,,,,,,,269,,,,37,38,,108,,,,10,,,,58,,,,,,,,187,329,485,266,,482,,120,107,892,,,,,,,,,,,,,,,,,,,,,,,,,,,,,,,,,,,,,,173,,,154,,132,,480,,311,111,,277,,,,,402,,,1807,1342,68,,,,118,,,,384,266,485,168,135,217,266,,,,,,,,,,,,175,,,27,56,,114,876,,,,,,,,,,,,,,,,,,,,,,,,,,,,,,,,,,,,,,,,,,,,,,,,,,,,,,,,,,,,,,,,,,,,256,,272,174,,,,,,,336,,,,408,359,127,,,468,,,,,,,326,297,,72,,,,,,,203,,,,,,,,60,156,109,46,,,,,,424,,,13,,270,,,,,,330,,,,,,,,,,,,26,,,,,,,,,,,,222,136,,,92,147,,,,,,,269,249,,,,,,,,,,,,,203,,78,,286,36,141,,,,,,,,,,,,,,,,,,,,,,,,,,,,,,,,,780,,302,,618,,,,,,,,,,,,,,,,,,,332,131,,,,260,,,,,,,,,,,,,,,,,,,,,,,,,,,,,,,169,,,,,,,2245,,138,,,,,,222,,,,,,,,,,,,,,,443,71,,,,515,,,,,336,,,,,,456,,,,,,,,,,,531,189,,148,,725,,,
2025-05-01T08:10:02+00:00,,,,,,,,,,,,,,,,,,,,,,,,,,,,,,,,,,,,,,,,,,,,,,,,,,,,,,,,,,,,,,,,,,,,,,,,,,,,,,,,,,,,,,,,,,,,,,,,,,,,,,,,,,,,,,,,,,,,,,,,,,,,,,,,,,,,,,,,,,,,,,,,,,,,,,,,,,,,,,,,,,,,,,,,,,,,,,,,,,,,,,,,,,,,,,,,,,,,,,,,,,,,,,159,,,,,,,,,,,49,,,,,,,,,,,,,,,,,,,,,,,,,,,,,,,,,,,,,,,,,,,,,,,,,,,,,,,,,,,,,,,,,,,,,,,,,,,,,,,,,,,,,,,,,,,,,,,,,,,,,,,,,,,,,,,,,,,,,,,,,,,,,,,,,,,,,,,,,,,,,,,,,,,,,,,,,,,,,,,,,,,,437,,1036,317,,,,205,,,,,,,,,,,,,,,,,,,,,,,,,,,,,,,,,,,,,,,,,,,,,,,,,,,,,144,745,220,176,665,234,,,,,,,,,,,,,,,,,,,,,,,,,,,,,,,,,,,,,,,,,,,,,,,,,,,,,,,,,,,,,,,,,,,,,,,,,,,,,,,,,,,,,,,,
2025-05-01T08:15:01+00:00,134,,,73,137,15,347,,,,369,,,,,606,60,,231,273,297,,197,328,,,,,,,,,,,,390,,,65,,,62,1048,31,95,2,155,,,,,46,,,,,20,,,,,,,272,21,,,34,36,,109,,,,2,115,,,56,,,,281,,,,184,327,486,,,,,117,104,888,347,,358,,,,1267,348,,406,225,141,213,178,450,,,,,,,,,,,,,,,,,,,,,,,,,,,,,,,,,,,,,,,,,,,,,,,,,,,,,,,,,,,,,,,,,,,,,,,174,,63,28,57,,,875,,,,,,,,,,61,,,,,,,160,,,,,,,,,,,,,,,,,,,,,,,,,,,,,,,,,,,,,,,,,,,,,,,,,,519,,,,,,94,,66,,,,,,,,,,,,467,93,,,,,,323,292,,70,,,,,,,,,,,,,,,,,107,47,29,,,,,,,,12,,269,,171,,,,329,,,,,,,,,,,,,,,,,,,,,,,,,,,,,,,,,,,,,,,,,,,,,,,,,159,200,,73,,,37,,35,,,417,,1034,314,,137,,,,,,,,,,,,,,,,,,,,,,,,776,,,,,,,,,,,,,161,,,,,,,80,,,,128,,,,,,,143,,,179,663,233,,,,,,,,,,,,,,,,,,,,,,,,,287,,,,,2248,,,,,,,,,,,,779,,,441,,,,,,,136,,,341,,,,,,,,337,,201,,,,,315,232,,,,,,,,,,,,147,,726,306,,
2025-05-01T08:20:02+00:00,,83,,74,,12,348,,,150,368,218,356,,,605,61,,226,269,293,,196,317,,,,,,,,,,,,386,,,63,,,,1046,,91,0,156,,,,,45,131,,95,,21,,,,,,,,20,,,35,,7,106,,,,0,108,,,55,,,,277,8,,92,186,324,487,,,,,112,107,883,,,354,,,,,,,,,,,,,,,,,,,,,,,,,,,,,,,,,,,176,,,,218,,,482,,304,110,,,,,,,,,,1809,1336,69,,,,,608,,,370,,,,,218,,,,,,,,,,,,,,58,,30,52,,113,874,,,,,,,,,,60,,,,,,,,,,44,,,,,,,,47,,,,,,,,,,,,,,,,,,,,,,,,,,,,,,,,,,,,,,,520,,,,,422,,400,,,,,,,,407,,,,,465,,,,,,,321,,,62,,,,,,,,,,,,,,,,155,,48,27,,,,,422,,,,,249,,170,,,,330,,,,,,,,,,,,27,,,,,,,,,,,,218,137,64,113,91,,,,,375,,,268,248,,187,,,,111,,279,,,,,197,,70,,,,,34,370,,414,91,,315,,139,,204,,,,,,,,,,,,,,,,,,,,,,774,,299,,620,,,,,,,,,,124,,,,,,,,,331,129,,,359,258,,222,140,744,219,181,661,,,,,,,,,,,,,,,,,,,,,,,,,,288,92,,,,,56,141,,,,,,225,,,,776,,225,438,,,,,,,,440,,344,,,,,383,,93,336,,200,,428,,457,317,,,,316,,,,,,529,,,146,,724,305,69,
2025-05-01T08:25:01+00:00,135,,183,,138,9,344,,94,147,365,220,357,,,603,,,220,266,294,,195,303,,,,,,,,,,,,384,,,61,,,61,,,92,,,,,,5,44,130,,98,,,,,,,,,274,16,,,36,,6,102,,,,,109,,,,,,,,4,,,,316,485,,,481,,113,102,881,,624,353,,,434,1261,337,149,400,224,139,,176,452,279,,,,,,,,,,,,,,,,,,,,,,,,199,152,219,131,,,180,300,108,,,,,,,,,,1808,,70,,,,,609,,,368,,,,136,,,,,,,,,,,,,,173,,62,28,55,,108,873,,,,,,,,,,,,,,,,,,,,,,,,,,,,,,,,,,,,,,,,,,,,,,,,,,,,,,,,,,,,,,,,,,,519,,,,172,,,401,67,,,,,,326,406,361,128,,,464,92,,,,,,314,289,,58,,,250,,,,,,,,,,,,59,153,106,50,,,,,,420,,,,,235,,,,,,328,,,,,,,,,,,,28,,,,,,,,,,,,211,,62,111,,,,,,372,,,269,250,,186,,,,112,,,,,,,192,,65,,285,,,33,,,,,,,,,,,,,,,,,,,,,,,,,,,,,,,,,,,,,,,,,,,,,,123,,,,,,,,,,,,,,257,,,,,,,,,,,,,,,,,,,,,,,,,,,,,,481,,,,,,,,,53,,,,,,,222,,,,,,,,,,,,,,137,438,72,,,,,,,,94,,,,,,,,318,,,,,,,,,,,,,,,721,,,
2025-05-01T08:25:02+00:00,,,,,,,,,,,,,,,,,,,,,,,,,,,,,,,,,,,,,,,,,,,,,,,,,,,,,,,,,,,,,,,,,,,,,,,,,,,,,,,,,,,,,,,,,,,,,,,,,,,,,,,,,,,,,,,,,,,,,,,,,,,,,,,,,,,,,,,,,,,,,,,,,,,,,,,,,,,,,,,,,,,,,,,,,,,,,,,,,,,,,,,,,,,,,,,,,,,,,,,61,,,,,,,158,,,45,,,,,,,,,,,,,,,,,,,,,,,,,,,,,,,,,,,,,,,,,,,,,,,,,,,,,,,,,,,,,,,,,,,,,,,,,,,,,,,,,,,,,,,,,,,,,,,,,,,,,,,,,,,,,,,,,,,,,,,,,,,,,,,,,,,,,,,,,,,,,,,,,,,,,,,,,,,,,,,,,,,,,,,,,,371,,400,,1035,312,,140,192,200,,,,,,,,,,,,,,,,,,,,,,,,,,,,,,,,,,,,,,,,,,,,,,,,,,,,,,742,,178,654,231,,,,,,,,,,,,,,,,,,,,,,,,,,,,,,,,,,,,,,,,,,,,,,,,,,,,,,,,,,,,,,,,,,,,,,,,,,,,,,,,,,,,,,,,
2025-05-01T08:30:01+00:00,133,,,71,137,,,,,146,,217,358,,,601,62,,217,267,289,,,293,,,,,,,,,,,,,,,57,,,62,,,,,,,,,,46,,,97,,,,,,,,,277,14,,,37,35,7,106,,,,,,,,56,45,,,275,,,94,187,312,484,264,,,,114,103,880,,623,,404,,,,,,,,,,,,,,,,,,,,,,,,,,,,,,,,,,,,,,,,,,,,,,,,,,,,,,,,,,,,,,,,,,,,,,,,,,,,,,,,,,168,,63,27,57,,104,871,,,,,,,,,,60,,,,,,,159,,,44,,,,,,,,45,,,,,,,,,,,,,,,,,,,,,,,,,,,,,,,,,,,,,,,516,257,119,,171,421,,,65,,305,334,,,,,,,,,462,91,,,,,,307,288,,50,,,,,,,,,,,,,,,,154,104,49,,,,,,,,,,,213,,,,,,327,,,,,,,,,,,,,,,,,,,,,,,,204,,,110,90,,76,462,,373,,,270,,,185,,,,114,,,,,,,190,,61,,283,,,,,,,,,,,,,,,,,,,,,,,,,,,,,,,,,,,,,298,,618,,,,,,,,,,,,,,,,77,,,332,,,,356,255,,,135,738,215,179,656,228,,,,,,,,,,,,,,,,,,,,,,,,,,,,,,2251,,144,,,,,,219,,,,,,,432,,,,,,,135,,69,341,,,,,384,,,337,,,,427,,,316,,,,,,,,,,528,188,,,,718,303,,
2025-05-01T08:35:02+00:00,136,,,69,,13,341,,,,364,216,357,,,600,60,,210,266,287,,194,274,,,,,,,,,,,,383,,,56,,,63,,30,,4,,,,,,,,,98,,,,,,,,,278,13,,,29,,,104,,,,,110,,234,,44,,,,2,,,,307,485,266,,,,113,104,876,,,351,401,,435,1259,333,148,399,,,,,449,277,,47,133,,,410,,318,195,,,70,29,,,,,,58,484,334,174,,200,,,130,,,,297,106,,278,,,,,401,,,1809,1335,71,,,,,,,,354,,482,166,138,216,269,,,,,,,,,,,,166,50,62,,56,,103,865,,,,,,,,,,,,,,,,,157,,,,,,,,,,,44,,,,,,,,,,,,,,,,,,,,,,,,,,,,,,,,,,,,,,,,258,118,,170,,95,,63,,,,,,,405,359,129,,,464,92,,,,,,301,285,,47,,,,,,,202,,,,,,,,58,151,103,48,26,,,,,419,,,,,198,219,172,,,,,,,,,,,,,,,,,,,,,,,,,,,,203,136,,109,,,78,,,370,,,269,,,183,,,,,,,,,,162,187,,60,152,,36,140,32,369,,386,,1034,311,,141,,198,,,,,,,,,,,,,,,,,,,,,,773,,297,,617,,,,,,387,,,164,,,,,,,,,,,130,,,,253,,221,134,735,216,177,653,227,,,,,,,,,,,,,,,,,,,,,,,166,,,95,,,,,,147,,,,,,,,,,,,,,,,,,,,133,437,,,,,,,385,,,338,,,,428,,,315,230,,,,,,,,,,185,,143,,,302,,
2025-05-01T08:40:01+00:00,132,82,,,136,10,335,,95,144,362,,,,,599,62,,206,263,285,,195,258,,,,,,,,,,,,384,,,54,,,,1045,,89,1,154,,,,6,45,,,,,22,,,,,136,,280,9,,,30,,6,106,,,,,105,,,,,,,271,,,,185,301,487,265,,,,115,,874,,624,,,,,,,,,,,,,,,,,,,,,,,,,,,,,,,,,,,,,,,,,,,,,,,,,,,,,,,,,,,,,,,,,,,,,,,,,,,,,,,,,,,,,,,,,,,,,,,,,,,,,58,,,,,,,156,,,,,,,,,,,42,,,,,,,,,,,,,,,,,,,,,,,,,,,,,,,,,,,,,,,,256,119,,169,422,,,61,,303,,,,,,358,,,,465,91,,,,,,298,284,,48,,,,,,,,,,,,,,,,,,,25,,,,,417,,,,,180,221,168,,409,,326,,,,,,,,,,,,,,,,,,,,,,,,195,,,108,,148,79,463,,368,,,,,,184,,,,,,,,,,,181,,57,151,,38,,34,,,,,,,,,,,,,,,,,,,,,,,,,,,,,,,,,,,,,,,,,,,,,,,,,,,,76,,,,131,,,,252,,,132,731,,,651,223,,,,,,,,,,,,,,,,,,,,,,,,,,,,,,,52,,,,276,,,,,,,773,,,426,,,,289,,,132,434,,343,,,,,383,,,,,201,,427,,,,229,,,315,,,,,,526,,159,,247,717,,,
2025-05-01T08:45:01+00:00,131,,181,71,135,,332,,,142,361,,,,,597,,,201,261,284,,,251,,,,,,,,,,,,383,,,55,,,60,1042,29,91,0,,,,,,,,,99,,21,,,,,135,,281,10,,,,34,7,102,,,,,101,,,55,,,,269,3,,,183,299,484,266,,480,,117,109,872,,622,,400,,436,1256,335,,,,,214,,447,279,,,,,,412,,317,197,,175,,,,,,,,57,482,333,,,,,,,,,,,,,,,,,,,,,,,,,,,,,,,,,,,,,,,,,,,,,,,,,162,,64,25,50,,90,857,,,,,,,,,,59,,,,,,,,,,43,,,,,,,,,,,,,,,,,,,,,,,,,,,,,,,,,,,,,,,,,,,,,,,512,,117,,,,97,,,,304,335,,,,404,355,,,,464,,1350,,,,,291,281,,41,,,,,,,201,,,,,193,,,,152,104,50,26,,,,,416,,,,,167,218,167,,,,,,,,,,,,,,,,24,,,,,,,,,,,,,,,104,,,,464,,,,39,,,,182,,,,,,277,,,,,172,,,,282,39,142,33,371,,378,,,,,140,191,195,,,,,,,,,,,,,,,,,,,,,,,,296,,610,,,,,,,,,,,,,,,,,,,,132,,,355,,,,131,728,214,,646,,,,,,,,,,,,,,,,,,,,,,,,,,,,,,,2254,51,,,,,,,222,,,,,,,,,,,,,,,432,,,,84,,,382,,,,,,,,,458,317,231,,,,,,,,,,184,,144,246,,,,
2025-05-01T08:50:01+00:00,130,,,70,132,6,329,,,141,357,215,358,,,595,59,,197,260,282,,196,245,,,,,,,,,,,,380,,,52,,,58,,,90,1,,,,,,44,,,101,,,,,,,136,,282,9,,,29,,,96,,,,,99,,,53,,,,,1,,,182,296,483,,,,,119,,873,,,350,399,,,,,,,,,,,,,,,,,,,,,,,,,,,,,,,,,,173,,198,,222,128,,500,,283,104,,273,,,,,398,,,1808,1333,70,,,,122,,,,341,254,483,165,134,212,271,,,,,,,,,,,,161,43,65,24,54,,86,850,,,,,,,,,,56,,,,,,,155,,,42,,,,,,,,40,,,,,,,,,,,,,,,,,,,,,,,,,,,,,,,,,,,,,,148,,253,,,,420,,400,,,,,,,,,,,,,465,90,1348,,,,,282,277,,31,,,247,,,,,,,,,,,,59,153,103,,,,,,,412,,,,,141,217,,,,,327,,,,,,,,,,,,,,,,,,,,,,,,192,,61,100,,,80,,,366,,,271,,,181,,,,113,,,,,,164,163,,58,152,,,,34,,,364,90,,307,,138,,196,,,,,,,,,,,,,,,,,,,,,,774,,295,,606,,,,,,,,,,124,,,,,,77,,,,,,,,,,222,,726,,,640,221,,,,,,,,,,,,,,,,,,,,,,,169,,286,,399,,,,52,150,,,,,,219,,,,,,,423,,,,,,,130,426,,,,,,,,394,,,,200,,,,457,,232,,,,,,,,,524,181,,143,,714,,,
2025-05-01T08:55:02+00:00,129,,180,65,131,7,324,136,,140,,212,360,,154,591,58,,192,255,281,,,241,,,,,,,,,,,,,,,49,,,54,,,88,0,,,,,,,,,,,,,,,,,,284,,,,28,32,6,99,,,,,93,,235,51,,,,268,0,,93,180,294,,,,,,120,105,872,345,,351,,371,440,1255,326,146,395,223,,,,446,281,,,,,,,,,,,,,,,,,,,,,,174,,197,150,224,127,,497,,256,107,,270,,,,,,,,1809,1332,,,,,124,,,,321,,484,,137,210,274,,,,,,,,,,,,159,,64,22,50,,78,846,,,,,,,,,,55,,,,,,,154,,,,,,,,,,,39,,,,,,,,,,,,,,,,,,,,,,,,,,,,,,,,,,,,,,,,251,,270,,419,96,,60,,,334,,,327,405,354,,,236,462,,,,,,,279,276,,26,,,,,,,,,,,,,,,60,152,,49,23,,,,,409,,,,,132,,163,,,,326,,,,,,,,,,,,22,,,,,,,,,,,,190,,,101,,,,,,365,,,272,,,,,,,,,,,28,,,159,,,151,283,38,,,,,,,,,,,,,,,,,,,,,,,,,,,,,,,,,,773,,294,,600,,,,,,386,,,,,,,,,,79,,,,,,,,254,,224,129,722,212,,634,220,,,,,,,,,,,,,,,,,,,,,,,,,285,,,,,2257,54,156,,,,176,,,,,,770,,,,,,,,,,,424,68,341,,83,,,385,396,,337,,199,,428,,458,316,,,,316,,,,,,523,178,,144,,716,,,
2025-05-01T09:00:01+00:00,131,80,,64,,,315,,,139,352,209,361,,,587,57,,188,252,278,,195,240,,,,,,,,,,,,381,,,47,,,52,1039,,91,,,,,,,37,,,102,,,,,,,,,283,7,,,25,,5,101,,,,,90,,,50,,,,,,,91,181,290,481,265,,482,,121,104,864,,,349,,,,,,,,,,,,,,,,,,,,,,,,,,,,,,,,,,,,,,,,,,,,,,,,,,,,,,,,,,,,,,,,,,,,,,,,,,,,,,,,,,,156,,65,19,,,73,843,,,,,,,,,,,,,,,,,,,,,,,,,,,,,,,,,,,,,,,,,,,,,,,,,,,,,,,,,,,,,,,,,,146,510,250,,,,417,,399,58,,303,331,,,,406,356,,,,461,,,,,,,269,273,,18,,,248,,,,199,,,,,192,,,61,150,101,48,,,,,,406,,,,,105,,166,,410,,328,,,,,,,,,,,,,,,,,,,,,,,,188,,,100,,,81,,,366,,40,273,251,,179,,,,,,,,,,165,148,,,,,,,33,370,,355,91,,304,,,,,,,,,,,,,,,,,,,,,,,,,,771,,293,,,,,,,,387,,,,,,,,,,,,,331,,,,353,251,,,,712,208,176,,217,,,,,,,,,,,,,,,,,,,,,161,,,,,,,,,,53,159,,,275,,,,,,,,,222,414,,,,,,,126,420,66,340,,,516,,,,,,,,,429,,,317,,,,,,,,,,525,175,,,,718,,,
2025-05-01T09:05:01+00:00,130,79,179,63,130,2,310,,,,351,212,362,,,583,56,,186,250,277,,193,,,,,,,,,,,,,,,,,,,,1034,,90,,153,,,,,,,,103,,,,,,,,,284,,,,24,31,6,100,,,,,86,,234,49,43,,,262,,,90,182,291,486,266,581,483,,120,105,857,,,,397,,442,1253,321,,394,,,216,,445,279,,,,,,,,,,,,,,,,,,,,,,,,,,,,,,,,,,,,,,,,,,,,,,,,,,,,,,,,,,,,,,,,,,,,,,152,42,63,18,,,69,842,,,,,,,,,,,,,,,,,153,,,,,,,,,,,38,,,,,,,,,,,,,,,,,,,,,,,,,,,,,,,,,,,,,,145,508,,120,,170,,,,,,302,,,,325,407,354,,,,458,,,,,,,258,269,,13,,,247,,,,,,,,,,,,,151,100,52,,,,,,404,,,,,95,,167,,,,327,,,,,,,,,,,,23,,,,,,,,,,,,185,,,,,,,463,,365,,,272,250,,,,,,,,,,,,166,136,,54,,,36,,,371,,350,90,1030,299,,136,,193,,,,,,,,,,,,,,,,,,,,,,772,,294,,598,,,159,,,,,,,,,,,,,,,,332,,,,349,249,,223,127,709,203,178,632,,,,,,,,,,,,,,,,,,,,,,162,,,,,,,,,,54,162,,,,,,222,,,,,,,417,,,,,,,124,417,63,341,,,,,384,,92,340,,201,,430,,,318,233,,,,,,,,,522,173,,,,721,303,,
2025-05-01T09:10:01+00:00,135,78,,117,,1,306,,,140,349,214,,,,580,55,,185,249,275,,194,239,,,,,,,,,,,,379,,,44,,,,1033,30,,,154,,,,,36,,,,,,,,,,135,,283,6,,,21,,,95,,,,,,,,48,,,,259,,,89,186,,,,,,,,,,,,,,,,,,,,,,,,,,,,,,,,,,,,,,,,,,,,,,,,,,,,,,,,,,,,,,,,,,,,,,,,,,,,,,,,,,,,,,,,,,,,,,,,,,,,,,,,,,,,,,,,,,,,,,,,,,,,,,,,,,,,,,,,,,,,,,,,,,,,,,,,,,,,,,,,,,,,,,,,,,,,,,,,,,,301,329,,,,408,355,,,,456,,1347,,,,,,,,,,,,,,,,,,,,,,,,,,,,,,,,,,,,,,,,,,,,,,,,,,,,,,,,,,,,,,,,,,,,,,,,,,,,,,,,,,,,,,,,,,,,,,,,,,,,,,,,,,,,,,,,,,,,,,,,,,,,,,,,,,,,773,,,,,,,158,,,,,,,,,,,,,,,,,,,,350,250,,,,,,,,,,,,,,,,,,,,,,,,,,,,,164,,166,,,95,,,,2254,53,,,,,177,,,,,,767,,,,,,,,,,,414,,340,,,,,,,,,,199,,429,,,,234,,,,,,,,,,168,,,,719,,,
2025-05-01T09:10:02+00:00,,,,,,,,,,,,,,,,,,,,,,,,,,,,,,,,,,,,,,,,,,,,,,,,,,,,,,,,,,,,,,,,,,,,,,,,,,,,,,,,,,,,,,,,292,484,,,,,123,98,852,,,348,,,,,,,,,,,,,,,,,,,,,,,,,,,,,,,,,,,175,,196,148,,,,496,,245,104,,268,,,,,395,,,1810,1329,,,,,123,,,,303,253,,,,211,,,,,,,,,,,,,,,62,,,,67,833,,,,,,,,,,54,,,,,,,152,,,,,,,,,,,37,,,,,,,,,,,,,,,,,,,,,,,,,,,,,,,,,,,,,,,507,249,,,166,,,,59,13,,,,,,,,,,,,,,,,,,248,265,,11,,,246,,,,,,,,,,,,60,152,99,51,21,,,,,399,,,,,94,218,,,,,326,,,,,,,,,,,,,,,,,,,,,,,,179,137,,,,,,,,367,,,273,,,178,,,,,,,,,,163,132,,50,150,,34,141,34,,,344,,1028,295,,135,,191,,,,,,,,,,,,,,,,,,,,,,,,,,,,,,,,,,,,,,,,,,,,,,,,,,,,,,704,202,,633,216,,,,,,,,,,,,,,,,,,,,,,,,,,,,,,,,,,,,,,,,,,,,,,,,,,,,,,,,,,,,,,,,,,,,,,,,,,,,,,,,,,,,,,,,
2025-05-01T09:15:02+00:00,133,,,112,,2,296,,,134,347,215,361,,,578,,,184,247,272,,192,236,,,,,,,,,,,,376,,,45,,,51,1030,,89,,156,,,,,34,,,104,,,,,,,136,,282,7,,,19,,,93,,,,,81,,,,,,,,2,,,188,293,486,,,484,,122,94,848,343,,,396,370,,1255,311,147,396,222,138,,,443,280,,,,,,,,,,,,,,,,,,,,,,172,,193,147,,126,,,,224,105,,266,,,,,396,,,1807,1327,,,,,119,,,,281,250,483,160,135,206,279,,,,,,,,,,,,151,,,19,49,,63,831,222,,,,,,,,,56,,,,,,,154,,,,,,,,,,,36,,,,,,,,,,,,,,,,,,,,,,,,,,,,,,,,,,,,,,144,508,248,121,,164,418,,,58,,294,,,,,,356,,,,455,,1346,,,,,237,260,,4,,,,,,,,,,,,,,,,151,100,,19,,,,,396,,,13,,79,,168,,,,323,,,,,,,,,,,,,,,,,,,,,,,,174,,,99,,,,462,,,,,,,,179,,,,114,,,,,,162,126,,55,,,,,,,,341,,1029,291,,134,,186,,,,,,,,,,,,,,,,,,,,,,771,,293,,597,,,,,,,,,,,,,,,,,,,330,,,,349,249,,,125,,200,,634,,,,,,,,,,,,,,,,,,,,,,,,,,,,,,,2260,52,165,,,,,,,,,,,,219,414,,,,,,,122,411,,338,,,,,383,397,,,,,,430,,459,,,,,,,,,,,523,162,,,,720,,,
2025-05-01T09:20:02+00:00,127,79,180,107,131,3,,,,,345,214,,,,575,54,,182,240,268,,193,235,,,,,,,,,,,,373,,,40,,,50,,,88,,154,,,,,33,129,,105,,20,,,,,,,283,,,,,,4,89,,,,,78,,235,,,,,,,,,193,292,485,,582,,,121,92,842,,,347,,,,,,,,,,,,,,,,,,,,,,,,,,,,,,,,,,,,,,,,,,,,,,,,,,,,,,,,,,,,,,,,,,,,,,,,,,,,,,,,,,,146,41,58,,50,,59,825,113,,,,,,,,,52,,,,,,,155,,,,,,,,,,,37,,,,,,,,,,,,,,,,,,,,,,,,,,,,,,,,,,,,,,143,,,122,269,162,,,398,57,,298,,,,,,355,130,,,451,,1344,,,,,233,258,,5,,,244,,,,,,,,,,,,,150,98,49,18,,,,,390,,,,,68,217,169,,,,319,,,,,,,,,,,,24,,,,,,,,,,,,172,,,,,,80,,,369,,,,249,,180,,,,,,278,,,,,125,,,149,282,,,33,369,,330,,1028,,,133,,184,,,,,,,,,,,,,,,,,,,,,,,,,,,,,,,,,,,,,,,,,,,,,,,,,,,,,124,698,199,177,637,214,,,,,,,,,,,,,,,,,,,,,,,,,284,92,,,,2263,51,168,,,,,,,,,,764,,,408,,,,,,,123,401,62,337,,,,,,,93,,,197,,,,460,319,,,67,317,,,,59,,,158,,,,716,302,,
2025-05-01T09:25:01+00:00,125,80,,106,133,,287,135,,133,341,213,,,,571,,,179,241,263,,194,230,,,,,,,,,,,,371,,,36,,,53,1029,,,9,151,,,,,34,128,,107,,,,,,,132,,281,,,,14,30,5,86,,,,,77,,,47,,,,261,1,,88,190,291,,264,,485,,123,89,836,342,,,,371,,1254,295,145,395,223,,215,175,441,,,,,,,,,,,,,,,,,,,,,,,173,,,146,,127,,,,210,108,,260,,,,,395,,,,1319,67,,,,122,,,,255,,481,,,204,278,,,,,,,,,,,,143,,59,,52,,60,819,222,,,,,,,,,48,,,,,,,,,,,,,,,,,,,,,,,,,,,,,,,,,,,,,,,,,,,,,,,,,,,,,,,,,510,,,,163,417,95,,58,,296,327,,,,,356,,,,449,,1343,,,,,224,251,,1,,,243,,,,200,,,,,,,,,149,95,52,,,,,,389,,,,,45,,167,,,,317,,,,,,,,,,,,23,,,,,,,,,,,,169,,,,,,81,,,,,,,250,,179,,,,,,276,,,,161,,,57,,,32,,,368,,320,,1027,293,,,,181,,,,,,,,,,,,,,,,,,,,,,770,,294,,595,,,157,,,,,,163,123,,,,,,80,,,,,,,351,,,224,123,,196,176,638,215,,,,,,,,,,,,,,,,,,,,,,480,,,,,,,,2266,52,,,,,,,219,,,,,,,405,,,,,,,122,396,,336,,,,,382,,94,339,,,,,,,,,,,,,,,,,517,155,160,,,,299,,
2025-05-01T09:30:01+00:00,123,,,102,132,4,285,,,132,342,210,360,,,572,51,,180,239,257,,193,229,,,,,,,,,,,,370,,,33,,,51,1027,,,3,152,,,,,33,127,,,,,,,,,133,,280,,,,,29,6,77,,,,,73,,,,,,,260,0,,,189,,,266,,486,,127,88,830,,,345,,,,,,,,,,,,,,,,,,,,,,,,,,,,,,,,,,,,,,,,,,,,,,,,,,,,,,,,,,,,,,,,,,,,,,,,,,,,,,,,,,,141,,,18,49,,53,811,113,,,,,,,,,47,,,,,,,,,,,,,,,,,,,,,,,,,,,,,,,,,,,,,,,,,,,,,,,,,,,,,,,,,511,244,,,,,,,,,297,326,,,,,,,,,447,89,,,,,,214,248,,2,,,,,,,199,,,,,,,,61,147,94,51,,,,,,387,,,,,43,,,,,,318,,,,,,,,,,,,,,,,,,,,,,,,167,,,,,,,,,,,,272,,,,,,,113,,,157,,,,120,,,150,,30,140,,370,,312,,,291,,132,,182,,,,,,,,,,,,,,,,,,,,,,767,,297,,592,,,156,,,,,,,,,,,,,81,,,327,,,,347,246,,,,693,195,175,642,214,,,,,,,,,,,,,,,,,,,,,,481,,,,,,,,,53,,,,,,,,,,,,,,,,,,,,,120,389,59,332,,,,,383,396,,,,199,,431,,,318,233,,,,,,,,,515,146,161,,,,,68,
2025-05-01T09:35:01+00:00,120,,,93,133,3,280,,,125,,,,,,569,,,,237,251,,,227,,,,,,,,,,,,368,,,30,,,,,,86,1,150,,,,,,125,,106,,,,,,,132,,282,,,,12,27,,,,,,,,,,48,,,,254,,,,,0,484,,,,,124,84,826,,,342,,,445,,277,,393,221,,213,,442,278,,,,,,,,,,,,,,,,,,,,,,174,,192,145,226,128,,494,,201,111,,259,,,,,,,,1803,1317,,,,,121,,,,246,248,480,,136,201,279,,,,,,,,,,,,,40,61,,47,,47,806,,,,,,,,,,41,,,,,,,154,,,,,,,,,,,36,,,,,,,,,,,,,,,,,,,,,,,,,,,,,,,,,,,,,,,,243,125,,164,416,,396,,,,325,,,324,409,354,,,,445,88,1342,,,,,206,,,1,,,,,,,196,,,,,,,,,,93,50,,,,,,382,,,,,35,,160,,409,,316,,,,,,,,,,,,22,,,,,,,,,,,,170,,,,,,79,,,,,,274,,,,,,,,,277,,,,,113,,58,,,28,139,32,,,307,91,,288,,131,,179,,,,,,,,,,,,,,,,,,,,,,763,,,,580,,,,,,388,,,,122,,,,,,,,,326,133,,,,,,,120,686,,176,641,211,,,,,,,,,,,,,,,,,,,,,,,,,,,,,,2269,52,174,,,,178,,216,,,,,,,402,,,,,,,,387,56,330,,,515,,382,397,,,,197,,432,,,,,,66,,,,,,,517,144,,,,715,,67,
2025-05-01T09:40:01+00:00,118,,,86,,5,277,,,122,335,,359,,,565,,,177,,,,191,,,,,,,,,,,,,362,,,29,,,50,1024,,87,0,149,,,,,,,,,,19,,,,,,,283,9,,,14,28,,78,,,,,70,,,45,41,,,262,,,,187,293,483,263,583,485,,128,,815,341,,341,,,,,,,,,,,,,,,,,,,,,,,,,,,,,,,,,,,,,,,,,,,,,,,,,,,,,,,,,,,,,,,,,,,,,,,,,,,,,,,,,,,136,,58,16,43,,43,800,,,,,,,,,,38,,,,,,,155,,,,,,,,,,,35,,,,,,,,,,,,,,,,,,,,,,,,,,,,,,,,,,,,,,,513,,,,,412,,,56,,,,,,323,,349,131,,,446,,,,,,,199,241,,2,,,,,,,195,,,,,,,,,,,48,20,,,,,380,,,12,,36,,157,,,,311,,,,,,,,,,,,23,,,,,,,,,,,,164,,62,100,,,,461,,370,,,,,,178,,,,,,,,,,,110,,57,,,,138,,,,296,,1026,284,,,,173,,,,,,,,,,,,,,,,,,,,,,762,,298,,578,,,,,,389,,,164,,,,,,,,,,325,,,,346,247,,,117,682,194,175,642,210,,,,,,,,,,,,,,,,,,,,,,,163,,,,,,,,,,,,276,177,,213,,,,761,,219,405,,,,,,,118,380,,,,,514,,,398,,,,,,430,,459,,234,,,319,,,,,,516,142,,143,245,718,,69,
2025-05-01T09:45:01+00:00,114,79,,81,131,6,274,136,,123,,208,358,,,563,52,,180,238,248,,193,225,,,,,,,,,,,,363,,,32,,,,1022,,84,,146,,,,,,,,107,,,,,,,131,,282,8,,,,,,75,,,,,66,,,44,40,,,257,,,,184,,480,265,,,,,81,810,,,,393,,,,250,,392,219,,211,180,445,275,,,,,,,,,,,,,,,,,,,,,,,,,,,,,,,,,,,,,,,,,,,,,,,,,,,,,,,,,,,,,,,,,,,,,,134,,57,17,44,,32,794,,,,,,,,,,32,,,,,,,152,,,,,,,,,,,34,,,,,,,,,,,,,,,,,,,,,,,,,,,,,,,,,,,,,,142,512,241,124,,,410,,395,57,,298,324,,,322,,,132,,,443,89,,,,,,189,234,,0,,,,,,,194,,,,,193,,,,146,91,47,19,,,,,376,,,,,30,218,156,,,,314,,,,,,,,,,,,22,,,,,,,,,,,,162,,,,89,,81,,,,,,,248,,,,,19,,,278,,,,160,104,,,149,,,137,,371,,288,,1025,281,,130,,169,,,,,,,,,,,,,,,,,,,,,,761,,300,,,,,,,,,,,,,,,,,,,,,324,,,,347,244,,,116,679,195,,644,207,,,,,,,,,,,,,,,,,,,,,165,,,,,,,,,2272,,177,,,,,,,,,,758,,,402,,,,289,,,,374,55,327,,,,,380,399,,340,,196,,,,458,319,,,,,,,,60,,515,139,,,,,295,68,
2025-05-01T09:50:02+00:00,,80,,78,129,5,266,135,,121,,209,,,,564,51,,181,237,242,,194,222,,,,,,,,,,,,361,,,31,,,52,1019,,,,145,,,,2,30,124,,105,,,,,,,129,,280,,,,16,,,76,,,,,62,,233,43,39,,,254,,,87,185,292,484,266,,488,,126,82,,,,343,394,,,,,,,,,,,,,,,,,,,,,,,,,,,,,,,,,,,,191,141,227,129,,485,,158,112,,257,,,,,,,,1806,1313,69,,,,119,607,,,215,246,474,158,,199,280,,,,,,,,,,,,131,42,55,16,42,,29,784,,,,,,,,,,29,,,,,,,154,,,,,,,,,,,36,,,,,,,,,,,,,,,,,,,,,,,,,,,,,,,,,,,,,,,513,240,,,163,409,,396,,,,323,,,,,350,,,,439,90,,,,,,184,236,,,,,240,,,,,,,,,195,,,60,147,90,,20,,,,,372,,,,,23,216,155,,410,,315,,,,,,,,,,,,23,,,,,,,,,,,,173,,,99,88,,,,,369,,,,,,176,,,,,,279,,,,,93,,58,,284,26,135,33,370,,279,90,1020,273,,,,158,,,,,,,,,,,,,,,,,,,,,,753,,298,,569,,,,,,387,,,163,,,,,,,80,,,321,,,,345,241,,223,114,677,193,172,643,203,,,,,,,,,,,,,,,,,,,,,,,160,,285,,,,,,48,174,,,273,176,,216,,,,,,,396,,,,,,,116,370,53,326,,,,,378,,,,,,,429,,,320,233,,,,,,,,,516,134,160,142,,720,,,
2025-05-01T09:55:01+00:00,112,79,,75,128,1,261,136,,,333,207,,,156,560,52,,178,238,,,196,223,,,,,,,,,,,,358,,,,,,,1016,29,,,143,,,,,29,123,,,,,,,,,130,,281,6,,,15,27,,68,,,,,53,,,42,,,,253,,,86,183,291,482,,,489,,127,80,805,,623,,390,,446,1253,222,141,390,,135,,187,446,272,,,,,,,,,,,,,,,,,,,,,,172,,,,228,128,,483,,149,111,,255,,,,,394,,,1805,1312,70,,,,121,604,,,199,245,471,156,134,198,,,,,,,,,,,,,130,,53,,43,,25,776,,,,,,,,,,,,,,,,,157,,,43,,,,,,,,,,,,,,,,,,,,,,,,,,,,,,,,,,,,,,,,,,,,,,,514,238,,270,162,407,,395,56,,,,,,,,352,,,,438,88,,,,,,177,235,,,,,238,,,,195,,,,,194,,,,,,,,,,,,370,,,,,10,,,,,,317,,,,,,,,,,,,,,,,,,,,,,,,172,,,98,,,82,,,370,,,275,,,175,,,,,,,,,,162,92,,56,148,285,25,134,,,,,,,,,,,,,,,,,,,,,,,,,,,,,,,,,747,,301,,565,,,,,,385,,,,,,,,,,,,,322,,,,347,243,,,115,672,189,170,644,,,,,,,,,,,,,,,,,,,,,,167,480,,,,,,,,,45,,,,274,,,213,,,,755,,,390,,,,,,,115,363,,325,,,,,377,398,,339,,195,77,428,,457,319,,,,,,449,,,,514,127,159,,,723,293,,
2025-05-01T10:00:01+00:00,110,78,,70,127,0,260,,,118,329,,357,,,,54,,176,,241,,194,220,,,,,,,,,,,,354,,,28,,,,,25,82,,142,,,,,27,121,,,,,,,,,129,,279,8,,,12,25,,71,,,,,49,,,40,38,,,255,,,,186,290,484,265,,490,,125,75,800,342,622,342,,,,,,,,,,,,,,,,,,,,,,,,,,,,,,,,,,,,,,,,,,,,,,,,,,,,,,,,,,,,,,,,,,,,,,,,,,,,,,,,,,,131,,50,15,,,20,757,,,,,,,,,,25,,,,,,,159,,,,,,,,,,,35,,,,,,,,,,,,,,,,,,,,,,,,,,,,,,,,,,,,,,141,516,237,,,161,,,,54,,297,,,,,,,,,,433,,1341,,,,,167,233,,,,,,,,,,,,,,,,,61,150,89,46,,,,,,366,,,,,6,215,,,,,319,,,,,,,,,,,,20,,,,,,,,,,,,,,,96,,147,,,,373,37,,,249,,,,,,,,,,,,163,,,60,,287,23,131,,,,267,,,266,,129,,157,,,,,,,,,,,,,,,,,,,,,,,,,,,,,,,,,,,,,,,,,,,,,,,,,,,,,113,670,186,165,,,,,,,,,,,,,,,,,,,,,,,,479,,,,92,399,,,2269,,171,,,273,,,210,,,,752,,,384,,,,,,,113,358,52,326,,82,515,,379,,96,,,,,429,,,,,,,,,,,,,513,118,158,140,,721,292,65,
2025-05-01T10:05:02+00:00,109,,,60,126,1,256,,,114,327,208,,,,558,53,,174,235,240,,192,,,,,,,,,,,,,355,,,27,,,51,,24,81,,139,,,,1,25,,,,,,,,,,131,,276,9,,,17,,,69,,,,,40,,,38,,,,257,,,,,292,481,,,489,,126,79,792,,,,,,447,1252,220,140,391,,134,212,190,448,273,,,,,,,,,,,,,,,,,,,,,,,,190,140,227,,,474,178,124,104,,245,,,,,387,,,1802,1305,69,,,,115,602,,,184,240,470,155,138,193,,,,,,,,,,,,,129,,47,10,40,,17,745,,,,,,,,,,24,,,,,,,157,,,40,,,,,,,,34,,,,,,,,,,,,,,,,,,,,,,,,,,,,,,,,,,,,,,,,233,,269,162,,94,394,55,,,,,669,,408,354,,,,429,86,1343,,,,,160,224,,,,,234,,,,198,,,,,,,,60,,86,44,,,,,,358,,,,,13,,154,,,,321,,,,,,,,,,,,19,,,,,,,,,,,,166,,61,94,,149,83,,,374,,,,250,,,,,,,,,,,,164,90,,61,147,286,21,130,31,,,261,,1018,263,,128,189,156,,,,,,,,,,,,,,,,,,,,,,749,,304,,555,,,,,,384,,,,121,,,,,,78,,,,134,,,344,240,,,111,667,185,,642,202,,,,,,,,,,,,,,,,,,,,,,,,,,,,,,2272,,174,,,272,174,,207,,,,749,,216,378,,,,,,,109,353,49,321,,83,514,,,,98,,,,,430,,,,231,,,,,,,,,512,107,,,246,718,291,,
2025-05-01T10:10:01+00:00,107,,183,53,123,0,254,,,113,324,,,,,562,52,,172,233,234,,190,221,,,,,,,,,,,,347,,,26,,,52,1014,25,78,,137,,,,2,23,118,,104,,,,,,,132,,278,11,,,15,26,,66,,,,,36,,,35,37,,,,,,85,185,,482,,586,488,,127,82,788,,,,388,,,,,,,,,,,,,,45,135,,,389,,297,198,,178,71,31,,,,,,56,476,321,,,,,,,,,,,,,,,,,,,,,,,,,,,,,,,,,,,,,,,,,,,,,,,,,126,,46,9,37,,13,731,,,,,,,,,,23,,,,,,,,,,41,,,,,,,,,,,,,,,,,,,,,,,,,,,,,,,,,,,,,,,,,,,,,,,,234,,,163,405,,,,,299,322,,668,,,352,,,,,,,,,,,,,,,,,233,,,,,,,,,,,,,,,,,,,,,,,,,,,,153,,,,,,,,,,,,,,,,,,,,,,,,,,,,165,,,95,,,82,,,372,,,,,,,,,,,,278,,,,,89,,60,,,,128,,369,,262,,,261,,127,,151,,,,,,,,,,,,,,,,,,,,,,,,,,,,,,,,,,,,,,,,,,,,,,,,,,,,,107,668,184,166,641,201,,,,,,,,,,,,,,,,,,,,,,478,,,286,,,,,2269,48,,,,,,,210,,,,,,,375,,,,,,,108,342,,320,,,513,,376,,99,,,198,76,429,,,,234,,,,,,,,,510,100,,,,716,286,64,
2025-05-01T10:15:02+00:00,106,79,,48,121,1,248,,,112,322,207,,,154,564,51,,,234,232,,,,,,,,,,,,,,,345,,,28,,,,1013,,80,,135,,,,,22,120,,103,,,,,,,133,,276,,,,13,,,63,,,,,34,,,33,36,,,,,,,188,295,483,,,490,,128,80,778,,,343,387,,446,1250,,141,,216,,209,192,447,271,,,,,,,,,,,,,,,,,,,,,,173,,192,139,226,125,,477,176,97,101,,238,,,,,381,,,1799,1302,68,,,,,,,,161,241,465,153,,192,275,,443,993,389,988,942,40,595,,,,121,,44,8,35,,12,722,,,,,,,,,,20,,,,,,,,,,40,,,,,,,,35,,,,,,,,,,,,,,,,,,,,,,,,,,,,,,,,,,,,,,,517,229,,,,403,95,,56,,300,,,,,407,,,,,428,,1342,,,,,147,220,,0,,,234,,,,198,,,0,,195,57,,60,155,88,44,21,,,,,350,,,12,10,4,212,,,410,,320,,,,,,,,,,48,,19,,,,147,,,,,,,,171,,,96,,,,460,,369,,,,251,,173,,,,,,279,,,,165,81,,,145,285,18,127,,371,,244,,1013,262,,128,191,148,,,,,,,,,,,,,,,,,,,,,,747,,306,,553,,,157,,,383,,,,,,,,,,76,,,321,135,,,343,238,,,105,660,180,167,,196,,,,,,,,,,,,,,,,,,,,,168,476,,,,,,,,2272,,,,,,173,,,,,,,,,369,,,,,,,,335,,319,,,,,377,399,98,,,200,,427,,458,,233,,,,,,,59,,508,77,,139,,,284,,
2025-05-01T10:20:02+00:00,104,,184,41,120,2,240,135,,109,320,206,,,,561,47,,164,232,231,,192,217,,,,,,,,,,,,342,,,26,,,,1012,24,77,,133,,,,,,,,105,,,,,,,,,,12,,,,25,5,61,,,,,28,,,,37,,,256,,,82,186,297,480,264,,493,,125,85,,,,,,,,,,,,,,,,,,,46,,,,390,,301,,,175,,32,,,,,,55,,319,,,,,,,,,,,,,,,,,,,,,,,,,,,,,,,,,,,,,,,,,,,,,,,,,119,43,42,9,29,,8,718,,,,,,,,,,16,,,,,,,158,,,41,,,,,,,,,,,,,,,,,,,,,,,,,,,,,,,,,,,,,,,,,,,,,,,519,227,,,,,,,57,,,325,,,,,,,,,,85,,,,,,146,217,,,,,,,,,197,,,,,,,,,,,,,,,,,340,,,,,0,,142,,409,,318,,,,,,,,,,47,,16,,,,,,,,,,,,175,,,95,,,,,,370,,,,,,,,,,,,277,,29,,166,78,,,,283,,,32,369,,245,89,1011,260,,125,190,144,,,,,,,,,,,,,,,,,,,,,,746,,305,,554,,,156,,,382,,,,122,,,,,,,,,322,133,,,339,237,,222,104,,176,166,644,195,,,,,,,,,,,,,,,,,,,,,169,,,,,,,,,,,,,,,,,207,,,,746,,,360,88,,,,,,107,330,48,317,,,514,,379,398,,340,,201,75,,,457,,232,,,,,450,,,,,69,157,,,715,281,,
2025-05-01T10:25:01+00:00,103,,,31,,1,239,,,107,314,203,,,,559,45,,163,,230,,,212,,,,,,,,,,,,332,,,24,,,54,1013,,73,,131,,,,3,23,,,,,,,,,,132,,275,,,,11,,,56,,192,,,27,,,31,35,,,257,,,,187,299,481,,585,496,,119,,771,343,,,388,,447,1249,226,142,,215,,,197,446,266,,,,,,,,,,,,,,,,,,,,,,,,,,,,,,,,,,,,,,,,,,,,,,,,,,,,,,,,,,,,,,,,,,,,,,114,,38,8,27,,5,706,,,,,,,,,,12,,,,,,,,,,,,,,,,,,,,,,,,,,,,,,,,,,,,,,,,,,,,,,,,,,,,,,,,,520,224,123,,164,404,,395,58,,298,327,,,,,351,,,,,86,1341,,,,,139,215,,,,,230,,,,198,,,,,196,,,61,152,91,48,22,,,,,335,,,,,,,134,,,,315,,,,,,,,,,,,14,,,,,,,,,,,,176,,,98,,148,,,,,,,274,,,,,,,114,,278,,,,167,,,62,147,281,17,126,,,,,,,,,,,,,,,,,,,,,,,,,,,,,,,,,744,,306,,,,,,,,,,,,,,,,,,77,,,,132,,,,,,,103,657,,165,649,191,,,,,,,,,,,,,,,,,,,,,,475,160,,,,,,,2269,,,,,271,,,,,,,,,213,,,,,,,,105,322,47,,,,515,,,,,341,,199,,426,,458,317,231,,,,,448,,,,505,54,,,,717,277,,
2025-05-01T10:30:01+00:00,98,,,27,118,2,234,,97,104,311,204,,,,560,43,,164,,224,,193,209,,,,,,,,,,,,,,,22,,,52,1008,,71,,132,,,,4,,,,,,,,,,,131,,,11,,,,24,,54,,,,,22,,,30,,,,,,,,183,300,479,,,495,,117,81,772,,621,345,387,,,,,,,,,,,,,,44,,,,384,,,199,,173,,33,,,,,,,478,316,,,190,,,123,,478,,95,,,230,,,,,380,,,1798,1297,,,,,112,,,,152,242,,,,191,274,,442,987,387,979,926,,594,,,,108,,33,6,24,,2,700,,,,,,,,,,13,,,,,,,,,,,,,,,,,,,,,,,,,,,,,,,,,,,,,,,,,,,,,,,,,,,,,,,,,521,223,,,165,,,,56,,299,328,,,323,408,349,134,,,425,87,1338,,,,,140,217,,,,,228,,,,197,,,,,,,,60,150,92,47,,,,,,336,,,,,,214,131,,,,316,,,,,,,,,,,,15,,,,,,,,,,,,175,138,60,,,,83,461,,369,,,273,,,,,,,115,,,,,,168,79,,63,146,279,16,,30,371,,235,,1012,257,,,,148,,,,,,,,,,,,,,,,,,,,,,743,,307,,555,,,,,,,,,,,,,,,,,,,,,,,336,236,,,,650,172,164,656,190,,,,,,,,,,,,,,,,,,,,,,,,,,,,,,,,171,,,,172,,,,,,743,,,,,,,,,,103,310,46,,,,,,378,397,,340,,,76,,,,,230,,,318,,447,,,,506,47,,,,715,,,
2025-05-01T10:35:01+00:00,96,,,23,,,231,,,103,304,202,,,,562,41,,165,,222,,,211,,,,,,,,,,,,328,,,23,,,,1007,,,,131,,,,,21,,,104,,20,,,,,132,,,13,,,8,,,55,,,,,12,,,29,34,,,256,,,81,177,301,480,265,582,496,,112,80,770,342,622,344,,372,449,1248,227,,389,,,,198,447,269,,,,,,,,,,,,,,,,,,,,,,174,,,135,225,,,480,,74,98,,224,,,,,377,,,1797,1296,66,,,,106,603,,,132,236,461,151,139,183,275,,436,967,383,965,889,,587,,,,107,45,29,7,21,,0,,,,,,,,,,,,,,,,,,,,,40,,,,,,,,,,,,,,,,,,,,,,,,,,,,,,,,,,,,,,,,,,,,,,,519,221,,,164,403,,394,55,,,329,,667,,410,350,,,,426,,1335,,,,,128,216,,,,,226,,,,199,,,,,,,,61,148,,,,,,,,332,,,10,,,216,129,,408,,,,,,,,,,,,,,16,,,,,,,,,,,,176,137,,,,,84,,,,,,272,250,,,,,,,,,,,,,76,,66,,,,125,31,,,228,88,1010,252,,,,145,,,,,,,,,,,,,,,,,,,,,,741,,308,,552,,,,,,,,,164,,,,,,,,,,,129,,,330,,,,102,647,,163,655,189,,,,,,,,,,,,,,,,,,,,,,,,,286,92,,,,,,,,,270,170,,,,,,,,210,354,,,,,,,97,299,41,316,,,514,,377,,97,,,200,,424,,456,,,,,317,,,,58,,504,41,156,,,712,274,,
2025-05-01T10:40:01+00:00,94,78,,20,117,3,224,,,101,299,,,,,,45,,164,235,218,,,212,,,,,,,,,,,,324,,,18,,,51,1006,,70,,,,,,,20,,,103,,,,,,,130,,,14,,,3,25,,,,,,,11,,,,32,,,261,,,,176,299,479,,,495,,111,75,766,341,621,343,386,,,,,,,,,,,,,,,,,,,,,,,,,,,,,,,,,,,,,,,,,,,,,,,,,,,,,,,,,,,,,,,,,,,,,,,,,,,,,,,,,,105,,26,8,20,,,686,,,,,,,,,,12,,,,,,,,,,,,,,,,,,,,,,,,,,,,,,,,,,,,,,,,,,,,,,,,,,,,,,,,,520,,,270,165,401,,,53,,,328,,668,,409,348,,,,423,,1334,,,,,116,214,,,,,224,,,,198,,,,,,,,,149,91,46,20,,,,,,,,,,,,121,,,,319,,,,,,,,,,,,15,,,,,,,,,,,,180,,,100,87,,83,,,,,41,273,,,176,,,,,,276,,,303,,73,,67,,,,,32,372,,218,,1011,242,,124,,,,,,,,,,,,,,,,,,,,,,,,740,,,,553,,,,,,,,,163,,,,,,,73,,,320,,,,326,235,,221,103,642,170,164,,188,,,,,,,,,,,,,,,,,,,,,,472,,,,,,,,,,,,,,169,,,,,,740,,,,,,,,,,96,290,40,315,,,513,,380,,,339,,202,,423,,455,,231,,,318,,,,,,502,28,,137,247,713,272,63,
2025-05-01T10:45:02+00:00,89,,,16,114,2,219,134,,97,295,201,,,,560,44,,155,,212,,194,211,,,,,,,,,,,,320,,,17,,,49,1005,,69,1,127,,,,5,21,,,,,18,,,,,,,,,,,,26,,52,,,,,6,,,28,,,,259,,,79,174,302,480,,,496,,,73,,,620,342,,,448,1246,224,139,385,214,,,199,448,267,,,,,,382,,305,201,,,,34,,,,,,56,481,319,179,,184,,223,125,,476,,63,100,,218,,,,,371,,,1792,1279,63,,,,90,599,,,109,226,456,150,140,184,277,,427,944,372,933,845,,571,,,,,,25,10,17,,,678,,,,,,,,,,4,,,,,,,,,,41,,,,,,,,,,,,,,,,,,,,,,,,,,,,,,,,,,,,,,,,,,,,,,,518,,,,,400,,392,52,,,330,,667,322,408,349,,,,424,89,1333,,,,,112,212,,,,,222,,,,197,,,,,195,,,63,147,89,44,,,,,,327,,,,,,,,,,,,,,,,,,,,,,,,,,,,,,,,,,,185,,61,104,88,,,,,372,,40,266,251,,177,,,,,,275,,,301,,66,,68,,272,15,123,,371,,211,90,1009,236,,120,,139,,,,,,,,,,,,,,,,,,,,,,736,,,,554,,,154,,,,,,,,,,,,,,,,,,,,,237,,220,,637,167,163,652,190,,,,,,,,,,,,,,,,,,,,,,,,,,,,,,2266,,,,,,,,,,,,737,,,351,,,,289,,,93,277,42,,,,,,,398,96,,,201,,425,,456,,232,,,,,448,,,,500,18,,138,,712,271,62,
2025-05-01T10:50:02+00:00,85,81,,10,112,0,210,,,93,294,200,358,,,559,40,,,233,211,,,208,,,,,,,,,,,,316,,,14,,,48,,23,67,0,129,,,,,19,117,,102,,19,,,,,129,,274,12,,,2,,,56,,,,,5,,,29,30,,,257,,,78,,301,478,,,,,113,69,,,618,,383,,,,,,,,,,,,,,,,,,,,,,,,,,,,,,,,,,,,,,,,,,,,,,,,,,,,,,,,,,,,,,,,,,,,,,,,,,,,,,,,,,95,47,24,9,18,,,663,,,,,,,,,,,,,,,,,156,,,,,,,,,,,34,,,,,,,,,,,,,,,,,,,,,,,,,,,,,,,,,,,,,,,,220,,271,166,401,,,51,,298,329,,,324,,350,,,,,,1331,,,,,101,208,,,,,221,,,,196,,,,,193,,,62,146,88,42,,,,,,322,,,,,,212,110,,,,321,,,,,,,,,,45,,12,,,,,,,,,,,,,,,107,90,,,,,368,,,,,,180,20,,20,,,,,,299,,69,,70,147,268,13,,33,,,,,,,,,,,,,,,,,,,,,,,,,,,,,,,,734,,306,,555,,,,,,,,,,,,,,,,,,,,,,,328,,,,101,628,165,161,653,191,,,,,,,,,,,,,,,,,,,,,,,163,,,,,,,2269,,,,,,168,,204,,,,,,207,345,,,,,,,91,272,41,316,,82,511,,379,,94,,,197,,421,,,,231,,65,315,,,,,,499,4,157,,,711,,,
2025-05-01T10:55:01+00:00,,80,182,4,111,,201,135,,90,,202,359,,,551,41,,156,235,208,,191,206,,,,,,,,,,,,314,,,13,,,47,,,65,,127,,,,,20,,,,,18,,,,,128,,,11,,,,,,,,,,,0,,,28,,,,254,,,,171,306,479,,584,495,,114,67,763,340,,343,382,374,,1244,,138,,212,,208,200,451,261,,,,,,,,312,199,,172,,,,,,,,55,482,315,178,,,134,,124,,473,175,51,98,,217,,,,,368,,,1788,1276,62,,,,,598,,,103,227,453,149,138,179,280,,425,933,369,923,822,,562,,,,90,,21,,19,,,656,,,,,,,,,,,,,,,,,,,,40,,,,,,,,35,,,,,,,,,,,,,,,,,,,,,,,,,,,,,,,,,,,,,,,515,222,,,,,94,,50,,299,328,,666,,,349,,,,,,1329,,,,,91,210,,,,,217,,,,194,,,,,,,,63,147,86,43,,,,,,320,,,9,,,210,98,,,,323,,,,,,,,,,,,10,,,,,,,,,,,,186,,,,91,,82,,,369,,,263,,,183,,,,114,,274,,28,298,169,66,,73,,264,14,121,,372,,208,89,1012,237,,,,137,,,,,,,,,,,,,,,,,,,,,,732,,,,,,,155,,,,,,,121,,,,,,,,,319,,,,325,238,,,100,627,164,163,,188,,,,,,,,,,,,,,,,,,,,,,,,,,,,,,,51,174,,,,,,207,,,,,,,342,,,,,,,,267,39,,,,513,,,,95,,,196,75,,,,319,,,,312,,447,,,,496,-400,155,137,,708,,63,
2025-05-01T11:00:01+00:00,83,79,,0,106,1,196,,,88,288,201,358,,,548,43,,151,234,,,,205,,,,,,,,,,,,310,,,9,,,48,1004,,64,1,128,,,,,,120,,100,,,,,,,129,,272,,,,5,,,48,,,,,,,,27,,,,,,,77,173,308,475,,583,,,115,63,759,,617,,383,,,,,,,,,,,,,,,,,,,,,,,,,,,,,,,,,,,,,,,,,,,,,,,,,,,,,,,,,,,,,,,,,,,,,,,,,,,,,,,,,,88,,,7,16,,,646,,,,,,,,,,3,,,,,,,159,,,43,,,,,,,,,,,,,,,,,,,,,,,,,,,,,,,,,,,,,,,,,,,,,,,,,,,,,,393,51,,300,331,,,,,,,,,423,90,1325,,,,,82,209,,,,,213,,,,,,,,,,,,,146,87,45,,,,,,314,,,,,,211,95,,,,322,,,,,,,,,,,,12,,,,,,,,,,,,182,,60,108,90,,81,460,,372,,,,252,,185,,,,,,272,,,299,,62,,71,,,15,124,34,,,196,,1010,219,,118,,130,,,,,,,,,,,,,,,,,,,,,,731,,305,,553,,,,,,381,,,,,,,,,,74,,,320,128,,,324,,,,98,625,,162,654,189,,,,,,,,,,,,,,,,,,,,,,469,,,287,,,,,2272,52,171,,,,,,,,,,,,,339,,,,,,,89,265,36,315,,,511,,378,,,338,,194,,422,,457,320,230,,64,,,448,,,,494,,154,138,,709,269,,
2025-05-01T11:05:01+00:00,85,78,,,104,2,185,,,85,,204,,,,546,41,,150,231,,,,206,,,,,,,,,,,,299,,,,,,49,1002,,61,0,125,,,,,22,,,95,,,,,,,130,,271,14,,,,25,,42,,,,,,,232,24,,,,,,,,175,,477,,,,,119,,757,,618,,,372,449,1245,217,139,,214,,209,198,453,260,,43,,,,384,,313,195,,169,,,,,,,,54,485,316,177,,181,132,,,,470,172,34,94,,208,,,,,366,,,1785,1264,60,,,,84,597,,,97,221,448,152,137,,282,,420,919,361,899,783,,549,,,,85,50,19,,15,,,635,,,,,,,,,,1,,,,,,,,,,,,,,,,,,36,,,,,,,,,,,,,,,,,,,,,,,,,,,,,,,,,,,,,,,514,221,,,167,402,,,,14,,,,,,,351,,,235,,89,1319,,,,,73,,,,,,,,,,193,,,,,,,,,147,86,43,22,,,,,309,,,,,,210,92,,,,327,,,,,,,,,,,,11,,,,,,,,,,,,183,,63,,,147,,,,,,,,251,,,,,,115,,271,,,300,170,56,,70,148,,13,,,,,185,,,213,,120,189,122,,,,,,,,,,,,,,,,,,,,,,733,,,,558,,,154,,,,,,162,,,,,,,75,,,321,,,,323,235,,222,96,619,165,160,653,185,,,,,,,,,,,,,,,,,,,,,,,160,,,,399,,,,54,,,,269,166,,,,,,,,204,342,,,,,,,88,254,33,310,,,,,377,,,,,196,,421,,,318,,,,,,,,,,491,1,,,,710,271,,
2025-05-01T11:10:01+00:00,79,,,,101,3,178,,,83,287,200,,,152,550,40,,146,230,206,,190,205,,,,,,,,,,,,290,,,7,,,48,,22,60,6,122,,,,,20,,,96,,,,,,,128,,269,15,,,,26,,43,,,,,,,233,,31,,,256,,,,176,309,478,264,582,497,,121,,753,339,615,,,,,,,,,,,,,,,,,,,,,,,,,,,,,,,,,,,,,,,,,,,,,,,,,,,,,,,,,,,,,,,,,,,,,,,,,,,,,,,,,,,,79,,17,4,14,,,623,,,,,,,,,,0,,,,,,,158,,,,,,,,,,,,,,,,,,,,,,,,,,,,,,,,,,,,,,,,,,,,,,,,,,513,,122,,,404,,,50,,302,327,,,322,,353,,,233,427,87,1315,,,,,65,211,,,,,210,,,,192,,,,,192,,,,148,85,,,,,,,,,,,,,207,93,,,,328,,,,,,,,,,,,,,,,,,,,,,,,185,,,,,,82,458,,371,,,262,,,,,,,,,,,,,172,50,,69,,261,8,,33,,,,,,,,,,,,,,,,,,,,,,,,,,,,,,,,730,,303,,,,,153,,,,,,,,,,,,,73,,,320,129,,,,233,,,94,615,167,161,655,184,,,,,,,,,,,,,,,,,,,,,,,163,,,86,,,,2275,,,,,270,,,210,,,,740,,201,,,,,,,,87,244,32,311,,,,,376,396,,,,195,76,419,,,,,,,313,,,,,,489,,,137,,709,272,,
2025-05-01T11:15:02+00:00,76,79,,80,99,,172,,,85,279,,,,,551,42,,143,,204,,187,202,,,,,,,,,,,,285,,,,,,43,1004,,61,,120,,,,,18,118,,94,,,,,,,,,265,12,,,4,,,37,,,,,,,,22,30,,,258,,,76,177,,479,,581,496,,,60,,,,342,381,,446,1246,254,138,387,213,133,,200,,259,,42,,,,382,,,196,,168,,36,,,,,,,486,,176,,175,128,217,125,,463,169,6,86,,200,,,,,,,,1781,1243,58,,,,82,588,,,89,219,445,153,138,184,284,,410,893,348,876,721,,545,,,,74,,,3,12,,,613,,,,,,,,,,,,,,,,,,,,,,,,,,,,,,,,,,,,,,,,,,,,,,,,,,,,,,,,,,,,,,,,,,,,223,,270,,405,,,47,,,,,,,,352,,,,428,,1308,,,,,63,207,,,,,211,,,,,,,,,191,,,,149,83,45,,,,,,304,,,,,,208,89,,,,,,,,,,,,,,,,10,,,,,,,,,,,,182,,,109,,,,,,,,,263,252,,,,,,,,272,,,301,174,43,,68,,,,,,,,165,,1011,209,,117,187,123,,,,,,,,,,,,,,,,,,,,,,,,301,,559,,,,,,,,,,,,,,,,,,,321,,,,321,231,,221,90,610,166,,656,186,,,,,,,,,,,,,,,,,,,,,,466,,,286,,,,,2272,53,168,,,,165,,207,,,,,,204,339,,,,,,,85,,30,313,,,,,372,,94,337,,192,,,,456,,,,,312,,449,,,,486,-400,,138,,711,270,64,
2025-05-01T11:20:01+00:00,79,,181,77,,5,168,,,,278,198,357,,,549,41,,145,,200,,184,200,,,,,,,,,,,,281,,,10,,,44,1003,,,0,118,,,,,,116,,91,,17,,,,,,,266,,,,6,,,36,,,,,,,,,29,,,263,,,,,310,,,580,,,,56,750,,613,341,378,,,,,,,,,,,,,,,,,,,,,,,,,,,,,,,,,,,,,,,,,,,,,,,,,,,,,,,,,,,,,,,,,,,,,,,,,,,,,,,,,,62,54,18,,13,,,598,,,,,,,,,,,,,,,,,157,,,,,,,,,,,34,,,,,,,,,,,,,,,,,,,,,,,,,,,,,,,,,,,,,,,512,,121,,,,,392,49,,301,325,,,,,350,,,,430,86,1305,,,,,58,206,,,,,210,,,,,,,,,,,,62,,,43,,,,,,300,,,10,,,,86,,,,326,,,,,,,,,,,,,,,,,,,,,,,,183,,,,,,,,,370,,,,,,186,,,,,169,,,27,302,173,40,,,,259,,125,35,,,,90,,,,,,,,,,,,,,,,,,,,,,,,,,,,726,,302,,556,,,154,,,,,,,,,,,,,,,,,,,,325,229,,220,89,609,,159,654,,,,,,,,,,,,,,,,,,,,,,,,,,,,,,,,52,,,,,164,,210,,,,737,,,,,,,,,,84,237,32,309,,,,,371,,,,,190,,,,,,231,,,311,,446,,,,483,,,135,,708,266,,
2025-05-01T11:25:01+00:00,75,,180,68,,6,163,,,86,279,197,356,,,545,,,142,234,196,,,197,,,,,,,,,,,,,,,9,,,46,1004,,58,,117,,,,,16,117,,92,,,,,,,127,,265,11,,,7,25,,35,,,,,,,234,21,27,,,259,1,,75,178,311,477,263,,,,124,54,748,338,,,379,,445,1247,266,137,,211,131,,205,456,258,,,,,,,,,,,,,,,,,,,,,,172,,170,114,216,126,,459,168,7,77,,197,,,,,365,,,1778,1229,59,,,,,584,,,85,218,441,,139,177,,,402,866,340,862,654,,532,,,,58,,16,1,9,,,584,,,,,,,,,,,,,,,,,158,,,,,,,,,,,33,,,,,,,,,,,,,,,,,,,,,,,,,,,,,,,,,,,,,,,513,224,,269,166,404,93,,,,,328,,667,,,348,135,,234,434,88,1300,,,,,52,,,,,,,,,,,,,,,192,,,,151,84,40,21,,,,,295,,,,,,210,,,,,325,,,,,,,,,,46,,,,,,,,,,,,,,179,,62,108,,,,,,,38,39,,253,,188,,,,,168,271,,,,,34,,67,,261,,,37,,,161,,1010,203,,116,,124,,,,,,,,,,,,,,,,,,,,,,724,,305,,558,,,153,,,382,,,,,,,,,,,,,320,,,,,228,,219,87,608,165,156,653,184,,,,,,,,,,,,,,,,,,,,,,,,,,,,,,2275,53,,,,,,,213,,,,740,,201,336,,,,,,,83,236,26,310,,,510,,369,,93,,,187,,418,,455,,232,,,310,,,,,,,,152,133,,,265,,
2025-05-01T11:30:02+00:00,74,,,67,96,9,155,,,87,271,198,,,,543,39,,139,,195,,183,198,,,,,,,,,,,,276,,,8,,,,997,,61,1,116,,,,4,,,,,,16,,,,,128,,266,12,,,2,23,,33,,,,,,,,,25,,,,2,,76,,312,476,,578,,,,51,745,335,,342,380,,,,,,,,,,,,,,,,,,,,,,,,,,,,,,,,,,,,,,,,,,,,,,,,,,,,,,,,,,,,,,,,,,,,,,,,,,,,,,,,,,57,,18,0,10,,,570,,,,,,,,,,,,,,,,,157,,,,,,,,,,,32,,,,,,,,,,,,,,,,,,,,,,,,,,,,,,,,,,,,,,,514,225,120,268,164,,,393,,,,,,,323,,349,136,,,436,89,1296,,,,,50,207,,,,,,,,,191,,,,,190,,,,,,36,24,,,,,284,,,,,,209,83,,,,322,,,,,,,,,,,,11,,,,,,,,,,,,174,,61,,,146,83,459,,,,40,264,251,,,,,,,,270,,,304,172,30,,,149,,4,124,36,371,,151,,1007,207,,120,186,117,,,,,,,,,,,,,,,,,,,,,,725,,306,,556,,,,,,,,,,122,,,,,,72,,,321,,,,324,227,,220,,605,163,152,654,,,,,,,,,,,,,,,,,,,,,,,463,,,285,,,,,2272,54,171,,,,163,,210,,,,743,,198,339,89,,,,,,82,225,22,309,,,509,,,394,94,,,,75,419,,454,319,,,,,,,,,,479,,,131,,,266,,
2025-05-01T11:35:01+00:00,69,78,179,72,,10,151,,,85,269,,354,,,,40,,135,232,196,,,,,,,,,,,,,,,277,,,3,,,44,996,,62,,112,,,,5,13,,,,,17,,,,,,,,14,,,4,22,,32,,,,,,,,18,23,,,,0,,74,179,314,475,264,579,495,,123,46,738,334,,343,,373,444,1245,322,136,385,,,207,208,454,256,,,,,,,,,,,,,,,,,,,,,,173,,168,108,,,,,,2,75,,190,,,,,366,,,1779,1220,57,,,,81,582,,,88,215,,,140,175,278,,398,856,334,853,622,,523,,,,54,52,16,,,,,550,,,,,,,,,,1,,,,,,,155,,,44,,,,,,,,30,,,,,,,,,,,,,,,,,,,,,,,,,,,,,,,,,,,,,,140,,229,119,,,405,,394,48,,303,,,,,,351,,,235,,87,1293,,,,,,206,,,,,206,,,,,,,,,191,,,61,152,,35,25,,,,,280,,,8,,,210,75,,,,320,,,,,,,,,,,,8,,,,,,,,,,,,178,,,,,,,,,,,,265,249,,,,,,,,268,,,305,,29,,,148,,,125,,370,,145,89,1005,210,,119,,114,,,,,,,,,,,,,,,,,,,,,,728,,,,559,,,154,,,,,,161,,,,,,,,,,323,,,,322,225,,218,85,604,166,156,655,,,,,,,,,,,,,,,,,,,,,,,,166,,284,,,,,2269,53,168,,,,,,,,,,746,,195,336,,,,,,,79,221,20,304,,81,508,,,,92,338,,183,73,417,,,318,,,63,,,,,,,478,,,,,710,,,
2025-05-01T11:40:01+00:00,68,,,70,92,13,141,,,81,266,195,353,,,547,39,,142,230,,,182,208,,,,,,,,,,,,275,,,0,,,,,,61,,,,,,6,14,116,,90,,,,,,,,,263,13,,,3,,,28,,,,,,,,15,22,,,257,,,75,,316,476,263,578,,,125,50,739,,612,341,,,,,,,,,,,,,,,,,,,,,,,,,,,,,,,,,,,,,,,,,,,,,,,,,,,,,,,,,,,,,,,,,,,,,,,,,,,,,,,,,,,51,,15,,3,,,536,,,,,,,,,,0,,,,,,,154,,,45,,,,,,,,31,,,,,,,,,,,,,,,,,,,,,,,,,,,,,,,,,,,,,,142,,233,117,266,163,404,,,49,,,329,,,324,,349,137,,,432,88,1288,,,,,44,,,,,,202,,,,190,,,,,190,,,,153,,37,24,,,,,273,,,,,,213,70,,,,317,,,,,,,,,,,,7,,,,,,,,,,,,176,,,111,91,,,,,369,,,267,,,,,,,116,,271,,26,308,,25,,69,149,263,,123,35,368,,137,,1006,208,,,,109,,,,,,,,,,,,,,,,,,,,,,725,,307,,,,,155,,,,,,,,,,,,,71,,,,130,,,325,,,,,597,164,154,656,182,,,,,,,,,,,,,,,,,,,,,,460,,,,,,,,2266,,,,,271,,,213,,,,,,,,,,,,,,74,215,18,298,,,505,,368,,,,,181,72,,,,,234,,62,,,444,,,,,1,,130,,712,,,
2025-05-01T11:45:01+00:00,66,77,,69,,11,132,,,75,265,,354,,,546,37,,146,229,204,,179,228,,,,,,,,,,,,272,,,3,,,,998,,58,3,107,,,,,16,114,,87,,16,,,,,130,,264,11,,,6,24,,21,,,,,,,,17,,,,,1,,,,318,473,,577,493,,132,46,738,335,,,,371,443,1244,329,137,384,,129,210,206,447,260,,,,,,,,,,,,,,,,,,,,,,171,,167,76,212,123,,457,,5,57,,170,,,,,363,,,1772,1189,54,,,,,580,,,89,211,439,150,137,,271,,388,813,317,838,558,,492,,,,44,,9,,2,,,522,,,,,,,,,,,,,,,,,155,,,,,,,,,,,33,,,,,,,,,,,,,,,,,,,,,,,,,,,,,,,,,,,,,,144,510,237,,,,405,,395,50,,304,328,,,,,,,,,,,1286,,,,,37,208,,,,,,,,,,,,,,,,,,,86,35,,,,,,268,,,,,,212,71,,,,,,,,,,,,,,,,8,,,,,,,,,,,,178,,,112,90,,,461,,366,,,268,251,,189,,,,,167,270,,24,,169,22,,72,,262,5,,,372,,131,90,1003,203,,,183,105,,,,,,,,,,,,,,,,,,,,,,,,,,,,,,,,,,,160,,,,,,,72,,,,129,,,327,226,,220,91,595,167,153,658,183,,,,,,,,,,,,,,,,,,,,,,457,,,,,,,,,52,,,,,,,216,,,,,,,339,,,,,,,69,203,14,297,,,506,,366,392,,337,,179,70,416,,,317,235,,61,,,,,,,476,-400,,129,,714,262,,
2025-05-01T11:50:02+00:00,,76,,71,93,8,129,,,76,,,352,,,547,38,,,228,207,,177,235,,,,,,,,,,,,262,,,2,,,41,999,,61,0,106,,,,,15,115,,,,15,,,,,131,,263,,,,5,23,,18,,,,,,,,,17,,,,0,,74,181,321,474,264,,492,,131,40,731,333,,,381,,,,,,,,,,,,,,,,,,,,,,,,,,,,,,,,,,,,,,,,,,,,,,,,,,,,,,,,,,,,,,,,,,,,,,,,,,,,,,,,,,38,50,6,,4,,1,508,,,,,,,,,,2,,,,,,,152,,,,,,,,,,,31,,,,,,,,,,,,,,,,,,,,,,,,,,,,,,,,,,,,,,,509,239,,265,,,,396,48,,302,331,,,326,,348,,,,434,82,1280,,,,,26,201,,,,,201,,,,189,,,,,,,,60,152,87,37,,,,,,261,,,3,,,,66,,407,,315,,,,,,,,,,,,7,,,,,,,,,,,,,138,,114,,,,464,,367,,,270,250,,,,,,117,,,,23,,167,19,,71,,265,6,,34,374,,123,,1002,195,,120,,,,,,,,,,,,,,,,,,,,,,,,718,,,,552,,,,,,383,,,,,,,,,,,,,320,,,,326,,,,93,,168,,657,184,,,,,,,,,,,,,,,,,,,,,,460,,,,83,,,,,48,,,,,,,,,,,,,,,,,,,,,66,197,10,293,,82,504,,365,,93,334,,177,69,415,,,,234,,,,,,,,,475,1,151,,,713,260,63,
2025-05-01T11:55:02+00:00,59,,,70,91,6,125,,,73,262,,353,,,543,,,149,230,205,,175,237,,,,,,,,,,,,255,,,,,,44,,,58,1,104,,,,,,112,,,,,,,,,130,,265,13,,,3,24,4,8,,,,,,,,19,14,,,255,,,73,183,319,476,,576,,,,44,726,332,610,339,379,370,,1239,331,,382,212,,206,211,443,261,,,,,,,,,,,,,,,,,,,,,,172,,164,71,211,122,,456,,4,55,,168,,,,,359,,,1770,1178,53,,,,,574,,,,,,147,133,174,269,,385,807,313,837,526,,487,,,,35,,7,,5,,,497,,,,,,,,,,0,,,,,,,155,,,,,,,,,,,28,,,,,,,,,,,,,,,,,,,,,,,,,,,,,,,,,,,,,,143,507,240,,264,161,,91,392,,,303,329,,,,409,342,136,,,435,81,1277,,,,,30,197,,,,,199,,,,188,,,,,188,,,58,151,88,,23,,,,,258,,,,,,,64,,,,309,,,,,,,,,,,,6,,,,,,,,,,,,182,,,113,,,82,465,,368,,,272,252,,190,,,,,,271,,,,165,5,,70,,267,8,119,,371,,112,,,194,,119,184,100,,,,,,,,,,,,,,,,,,,,,,,,306,,551,,,,,,382,,,,,,,,,,71,,,317,,,,325,223,,219,91,601,,,656,,,,,,,,,,,,,,,,,,,,,,,,169,,,,,,,2263,,165,,,272,162,,210,,,,,,192,336,,,,,,,59,188,5,287,,,,,,,,,,173,68,,,,315,232,,60,312,,,,,,471,-400,,128,,,259,,
2025-05-01T12:00:02+00:00,54,,175,74,93,0,120,,,72,259,196,,,,548,40,,145,227,199,,173,238,,,,,,,,,,,,246,,,0,,,,998,,,,105,,,,,16,,,84,,,,,,,,,263,15,,,4,,,7,,,,,,,,16,13,,,,,,,179,320,477,,578,491,,133,45,723,,,335,380,,,,,,,,,,,,,,,,,,,,,,,,,,,,,,,,,,,,,,,,,,,,,,,,,,,,,,,,,,,,,,,,,,,,,,,,,,,,,,,,,,36,,,,2,,0,493,,,,,,,,,,,,,,,,,154,,,46,,,,,,,,,,,,,,,,,,,,,,,,,,,,,,,,,,,,,,,,,,,,,,,,236,116,263,,,,,49,,304,330,,,,408,341,137,,,438,,1275,,,,,26,196,,,,,198,,,,,,,,,187,,,57,150,89,39,24,,,,,257,,,,,,213,60,,,,302,,,,,,,,,,,,7,,,,,,,,,,,,181,,62,114,89,,,,,366,,,273,,,191,,,,,,269,,,,162,1,,66,147,268,3,,33,,,,,,,,,,,,,,,,,,,,,,,,,,,,,,,,,,,,,,,,,,,,,,,,,,,,,,,,,,,,,,,92,598,169,154,657,185,,,,,,,,,,,,,,,,,,,,,,,,,,,,,,2266,,,,,,161,,216,,,,749,,195,339,,,,,,,60,189,4,282,,,,,363,391,,333,,,,412,,453,,,,,310,,,,,,469,,,127,,,257,,
2025-05-01T12:05:02+00:00,,,174,72,91,,119,,,,257,194,,,,,42,,138,224,192,,171,234,,,,,,,,,,,,237,,,,,,,994,,56,0,99,,,,,,111,,81,,,,,,,128,,261,,,,5,,5,8,,,,,7,,,,11,,,,,,,178,321,473,263,577,,,135,42,719,330,609,337,382,367,,1240,328,,379,,130,203,,444,257,,,,,,,,,,,,,,,,,,,,,,,,162,60,212,119,,449,167,6,54,,156,,,,,350,,,1765,1168,56,,,,,563,,,93,197,435,143,128,172,262,,377,770,296,824,480,,463,,,,37,47,4,,,,,477,,,,,,,,,,,,,,,,,156,,,,,,,,,,,26,,,,,,,,,,,,,,,,,,,,,,,,,,,,,,,,,,,,,,,503,235,,261,160,407,92,396,48,,305,,,,,,340,,,236,439,,1278,,,,,27,,,,,,196,,,,,,,,,,,,,,88,40,,,,,,244,,,,,,,57,,,,290,,,,,,,,,,,,6,,,,,,,,,,,,188,,61,113,,,83,,,367,,,,254,,193,,,,,,,,22,,157,2,,,,273,2,116,34,,,105,,,199,,118,,98,,,,,,,,,,,,,,,,,,,,,,719,,,,550,,,,,,381,,,,,,,,,,,,,318,,,,323,224,,220,93,594,168,153,661,187,,,,,,,,,,,,,,,,,,,,,,457,172,,284,,,,,,,162,,,,,,210,,,,746,,192,,,,,,,,58,181,6,276,,83,,,358,,,332,,,,,,,,234,,,,,442,,,,467,1,,126,246,712,,,
2025-05-01T12:10:02+00:00,49,75,,,88,2,113,,,69,255,192,355,,,,43,,136,,188,,168,226,,,,,,,,,,,,229,,,,,,46,989,,57,2,95,,,,,12,115,,,,,,,,,124,,260,16,,,4,25,,,,193,,,5,,,15,10,,,253,,,72,177,319,,264,,490,,137,50,716,329,,338,,,,,,,,,,,,,,,,,,,,,,,,,,,,,,,,,,,,,,,,,,,,,,,,,,,,,,,,,,,,,,,,,,,,,,,,,,,,,,,,,,,27,,1,,,,,469,,,,,,,,,,,,,,,,,,,,45,,,,,,,,24,,,,,,,,,,,,,,,,,,,,,,,,,,,,,,,,,,,,,,,,234,,,157,408,,394,47,,306,331,,,,,339,138,,,440,,1282,,,,,,199,,,,,,,,,186,,,,,183,,,58,151,89,,,,,,,,,,,,,211,53,,,,281,,,,,,,,,,,,5,,,,,,,,,,,,186,,,115,88,,,463,,365,,,276,255,,192,,,,,,,,,,148,0,,64,,276,,109,33,372,,100,,,,,116,,93,,,,,,,,,,,,,,,,,,,,,,,,,,,,,,,,,,,,,,,,,,,,,,,,,,,,,92,595,170,147,662,189,,,,,,,,,,,,,,,,,,,,,,,,,285,,,,,,51,,,,,,,213,,,,,,195,336,,,,,,,54,172,1,273,,,,,357,,,329,,171,69,415,,,313,235,,,311,,441,,,,463,-400,,125,,713,255,62,
2025-05-01T12:15:02+00:00,46,,,71,82,3,107,,,67,251,193,354,,,543,44,,,219,183,,,223,,,,,,,,,,,,223,,,,,,43,988,,58,4,88,,,,,11,114,,80,,,,,,,,,,,,,,26,,11,,,,,7,,,,12,,,255,,,,,320,,,576,489,,,49,715,330,,,,,,,337,,,,129,200,214,443,260,,,,,,,,,,,,,,,,,,,,,,170,,163,49,211,118,,443,,9,49,,147,,,,,,,,1764,1141,55,,,244,80,560,,,,195,428,140,127,170,260,,364,752,291,819,422,,440,,,,26,,,,5,,,465,,,,,,,,,,,,,,,,,,,,44,,,,,,,,23,,,,,,,,,,,,,,,,,,,,,,,,,,,,,,,,,,,,,,142,,237,,262,159,,91,392,,,,330,,668,,,338,,,,,80,1281,,,,,29,202,,,,,,,,,187,,,,,185,,,,,90,39,,,,,,243,,,,,,,48,,,,276,,,,,,,,,,,,,,,,,,,,,,,,188,,,113,,,,465,,366,,,278,,,194,,,,118,165,268,,23,,146,,,59,,278,,106,30,371,,103,,1001,197,,113,182,91,,,,,,,,,,,,,,,,,,,,,,715,,305,,551,,,154,,,,,,,,,,,,,70,,,316,,,,326,223,,219,,597,169,148,664,187,,,,,,,,,,,,,,,,,,,,,,454,,,,,,,,,48,159,,,,,,210,,,,,,192,339,,,,,,,50,162,-106,267,,,,,,,,,,,,414,,,,,,61,,,439,,,,455,,149,124,,,253,,
2025-05-01T12:20:01+00:00,47,,,69,81,4,96,,,65,248,192,355,,154,542,46,,138,222,182,,166,218,,,,,,,,,,,,218,,,,,,42,985,,55,0,,,,,,9,112,,77,,,,,,,120,,,,,,1,25,,5,,,,,8,,,14,11,,,258,,,,,,474,265,,490,,139,45,714,329,612,339,383,,,,,,,,,,,,,,,,,,,,,,,,,,,,,,,,,,,,,,,,,,,,,,,,,,,,,,,,,,,,,,,,,,,,,,,,,,,,,,,,,,28,49,,,4,,1,451,,,,,,,,,,,,,,,,,,,,,,,,,,,,,,,,,,,,,,,,,,,,,,,,,,,,,,,,,,,,,,,,,,141,502,,,,,407,,391,46,,307,327,,,,,334,,,,441,81,1280,,,,,35,,,,,,197,,,,,,,,,,,,59,154,93,,26,,,,,239,,,1,,,,49,,,,270,,,,,,,,,,,,6,,,,,,,,,,,,186,140,,,89,,84,466,,,,,281,256,,,,,,,,266,,22,,144,,,58,148,279,0,,28,372,,,,999,,,112,181,96,,,,,,,,,,,,,,,,,,,,,,,,306,,547,,,155,,,380,,,,124,,,,,,,,,314,,,,,,,216,,,,,,,,,,,,,,,,,,,,,,,,,,,,451,175,,,,,,,2263,52,,,,,,,216,,,,,,,,,,,,,,42,153,,261,,,505,,356,390,94,330,,169,,,,452,,236,,,,,440,,,,451,2,145,123,247,715,254,,
2025-05-01T12:20:02+00:00,,,,,,,,,,,,,,,,,,,,,,,,,,,,,,,,,,,,,,,,,,,,,,,,,,,,,,,,,,,,,,,,,,,,,,,,,,,,,,,,,,,,,,,,,,,,,,,,,,,,,,,,,,,,,,,,,,,,,,,,,,,,,,,,,,,,,,,,,,,,,,,,,,,,,,,,,,,,,,,,,,,,,,,,,,,,,,,,,,,,,,,,,,,,,,,,,,,,,,,,,,,,,,,,,,,,,,,,,,,,,,,,,,,,,,,,,,,,,,,,,,,,,,,,,,,,,,,,,,,,,,,,,,,,,,,,,,,,,,,,,,,,,,,,,,,,,,,,,,,,,,,,,,,,,,,,,,,,,,,,,,,,,,,,,,,,,,,,,,,,,,,,,,,,,,,,,,,,,,,,,,,,,,,,,,,,,,,,,,,,,,,,,,,,,,,,,,,,,,,,,,,,,,,,,,,,,,,,,,,,,,,,,,,,,,,,,,,,,,,,,93,592,170,144,669,184,,,,,,,,,,,,,,,,,,,,,,,,,,,,,,,,,,,,,,,,,,,,,,,,,,,,,,,,,,,,,,,,,,,,,,,,,,,,,,,,,,,,,,,,
2025-05-01T12:25:02+00:00,48,73,172,66,80,,91,,,,244,191,,,,545,47,,131,226,177,,161,200,,,,,,,,,,,,208,,,4,,,,984,21,53,,84,,,,,10,113,,,,,,,,,117,,257,17,,,,,,,,,,,,,,,,,,256,,,73,176,318,478,,575,,,140,42,712,,,341,386,,442,1237,332,136,,213,131,199,216,441,259,,,,,,,,,,,,,,,,,,,,,,168,,162,42,,116,,441,165,78,45,,146,,,,,346,,,1759,1119,53,,,,78,549,,,87,,431,141,122,175,252,,352,727,275,811,371,,405,,,,11,,,,,,0,433,,,,,,,,,,,,,,,,,154,,,46,,,,,,,,24,,,,,,,,,,,,,,,,,,,,,,,,,,,,,,,,,,,,,,139,499,235,,261,157,408,90,393,47,,,,,669,,409,330,,,,442,80,1281,,,,,31,207,,,,,195,,,,188,,,,,,,,,,,,27,,,,,235,,,2,,,209,44,,,,266,,,,,,,,,,,,,,,,,,,,,,,,183,139,60,112,,,,467,,364,,,,,,,,,21,,164,265,,,,141,,,54,153,280,1,104,27,,,90,89,1000,194,,113,182,98,,,,,,,,,,,,,,,,,,,,,,713,,304,,544,,,156,,,,,,,,,,,,,,,,311,,,,,222,,,,589,172,143,670,182,,,,,,,,,,,,,,,,,,,,,,,172,,284,,,,,,54,,,,,161,,,,,,743,,189,336,,,,,,,40,134,,255,,84,,,355,388,93,,,171,68,412,,,314,,,62,,,439,,,,449,-400,,,,,255,61,
2025-05-01T12:30:01+00:00,42,72,173,,82,6,86,,,66,235,192,,,,543,44,,125,225,171,,157,182,,,,,,,,,,,,194,,,6,,,40,981,22,49,1,83,,,,,8,112,,,,,,,,,112,,256,21,,,3,26,,4,,,,,,,,,,,,259,,,72,,319,475,266,574,491,,,43,713,332,611,,,,,,,,,,,,,,,,,,,,,,,,,,,,,,,,,,,,,,,,,,,,,,,,,,,,,,,,,,,,,,,,,,,,,,,,,,,,,,,,,,,,6,,,,3,,,424,,,,,,,,,,,,,,,,,151,,,,,,,,,,,26,,,,,,,,,,,,,,,,,,,,,,,,,,,,,,,,,,,,,,137,500,234,,,,,,,45,,306,,,668,,,327,,,,443,79,,,,,,41,209,,,,,194,,,,,,,,,184,,,,155,,,25,,,,,236,,,,,,213,43,,,,261,,,,,,,,,,,,5,,,,,,,,,,,,185,,58,114,,,,,,363,37,,283,,,,,,,,,264,,,,139,,,,,,0,,,,,,,,,,,,,,,,,,,,,,,,,,,,,,,,,,716,,305,,,,,,,,,,,,,,,,,,,,,,127,,,324,218,,,91,590,,142,672,183,,,,,,,,,,,,,,,,,,,,,,,175,,283,,,,,2260,,153,,,,,,,,,,740,,,,,,,,,,35,123,,250,,,500,,,,94,331,,169,,410,,,,,,,,,,,,,446,,143,121,,714,252,,
2025-05-01T12:35:01+00:00,43,,,69,81,9,80,,,68,233,190,354,,,544,42,,120,228,168,,,174,,,,,,,,,,,,186,,,3,,,39,975,,44,4,89,,,,,12,114,,73,,,,,,,115,,,22,,,,25,,6,,,,,11,,,11,,,,,,,,,320,473,265,576,,,138,42,709,,610,340,,366,,1231,335,,378,211,,193,217,440,262,,,,,,,,,,,,,,,,,,,,,,,,,,,,,,,,,,,,,,,,,,,,,,,,,,,,,,,,,,,,,,,,,,,,,,5,47,,,2,,,408,,,,,,,,,,,,,,,,,153,,,,,,,,,,,,,,,,,,,,,,,,,,,,,,,,,,,,,,,,,,,,,,,,,,499,235,118,,155,407,91,,46,,,328,,,,,323,,,,444,78,1282,,,,,,210,,,,,191,,,,,,,,,185,,,,150,91,43,,,,,,235,,,,,,,35,,,,255,,,,,,,,,,45,,3,,,,,,,,,,,,181,,,,88,,,,,359,,,284,257,,195,,,,117,,263,,,,135,,,49,152,282,,105,29,,,94,90,999,191,,,183,100,,,,,,,,,,,,,,,,,,,,,,717,,306,,543,,,155,,,,,,,123,,,,,,,,,310,126,,,318,220,,214,92,586,171,141,671,184,,,,,,,,,,,,,,,,,,,,,,,,,,,,,,2263,51,156,,,,,,,,,,,,,333,,,,,,,26,114,,248,,83,,,,,93,329,,168,,,,451,315,,,,,,,,,,440,,144,,,712,250,62,
2025-05-01T12:40:02+00:00,39,,,68,80,11,77,,,70,226,,353,,,540,41,,,227,167,,156,171,,,,,,,,,,,,180,,,7,,,,977,,40,5,87,,,,,9,,,71,,,,,,,114,,,23,,,6,28,,10,,,,,10,,,9,14,,,258,,,,177,,474,,,492,,136,41,710,,,341,387,,,,,,,,,,,,,,,,,,,,,,,,,,,,,,,,,,167,,163,44,209,115,,438,,67,43,,149,,,,,343,,,1757,1104,55,,,,,541,,,95,184,429,135,121,,247,,340,700,261,803,297,,396,,,,7,,,,1,,1,401,,,,,,,,,,,,,,,,,152,,,,,,,,,,,25,,,,,,,,,,,,,,,,,,,,,,,,,,,,,,,,,,,,,,136,501,232,,260,154,,,392,48,,307,329,,669,,410,328,,,235,446,82,1284,,,,,,,,,,,189,,,,,,,,,,,,,149,89,42,26,,,,,229,,,,,,214,32,,,,,,,,,,,,,,,,4,,,,,,,,,,,,183,140,,,87,,,,,358,36,41,286,258,,199,,,,,,264,,,,129,,,47,151,,,,,370,,86,,1000,184,,114,181,94,,,,,,,,,,,,,,,,,,,,,,714,,,,,,,154,,,,,,,121,,,,,,72,,,303,125,,,316,213,,212,93,587,,140,672,183,,,,,,,,,,,,,,,,,,,,,170,,,,282,,,,,2260,52,153,,,,159,,,,,,743,,192,330,,,,289,,,24,101,,239,,,499,,,,,,,165,,412,,450,314,,,,,,,,59,,434,,143,,,713,249,,
2025-05-01T12:45:02+00:00,38,71,,69,81,15,62,,,67,219,189,354,,,539,,,116,222,163,,154,165,,,,,,,,,,,,175,,,5,,,41,976,23,,8,,,,,,8,110,,70,,16,,,,,111,,,,,,5,,,6,,,,,0,,,8,,,,260,,,71,179,318,475,,577,491,,135,33,702,,609,340,386,368,440,,,,374,210,132,191,218,438,260,,,,,,,,,,,,,,,,,,,,,,166,,164,38,208,112,,,,58,40,,140,,,,,341,,,1746,1073,53,,,,77,534,,,99,183,430,136,118,169,242,,329,663,237,798,179,,371,,,,,,,,3,,,394,,,,,,,,,,,,,,,,,154,,,,,,,,,,,24,,,,,,,,,,,,,,,,,,,,,,,,,,,,,,,,,,,,,,,,236,,261,,412,,391,52,,305,,,,,409,327,,,,444,81,1287,,,,,,,,,,,187,,,,,,,,,184,,,58,154,90,44,24,,,,,231,,,0,,,,30,,,,251,,,,,,,,,,,,,,,,,,,,,,,,182,,,115,88,,85,466,,360,,,,,,200,,,,116,,262,,23,,,2,,49,,280,,,30,,,,,,,,,,,,,,,,,,,,,,,,,,,,,,,,,,,,,,,,,,,,,,,,,,,,,,,,,,,,,,,92,,173,142,675,178,,,,,,,,,,,,,,,,,,,,,,448,,,,,,,,,53,,,,,158,,213,,,,746,,186,,,,,,,,23,89,,234,,81,,,352,,94,327,,168,,,,,312,,,,,,437,,,,433,,,120,,715,250,,
2025-05-01T12:50:01+00:00,33,,,66,,20,53,136,,71,211,188,,,,537,,,,218,164,,153,,,,,,,,,,,,,174,,,7,,,39,975,,37,,86,,,,,11,109,,67,,,,,,,110,,,21,,,,,,2,,,,,,,,10,,,,259,,,74,180,313,469,,576,492,,134,,699,,606,343,,,,,,,,,,,,,,,,,,,,,,,,,,,,,,,,,,,,,,,,,,,,,,,,,,,,,,,,,,,,,,,,,,,,,,,,,,,,,,,,,,,,46,,,4,,0,387,,,,,,,,,,,,,,,,,152,,,,,,,,,,,25,,,,,,,,,,,,,,,,,,,,,,,,,,,,,,,,,,,,,,,496,,,,155,414,,390,53,,306,328,,,325,,325,,,,443,80,,,,,,,212,,,,,186,,,,187,,,,,183,,,,153,89,45,,,,,,232,,,,,,212,24,,408,,244,,,,,,,,,,,,3,,,,,,,,,,,,186,,,114,87,,,,,357,,42,287,,,199,,,,117,,265,,,,,0,,46,,282,1,106,32,373,,82,91,,181,,115,182,93,,,,,,,,,,,,,,,,,,,,,,713,,,,,,,,,,,,,,119,,,,,,73,,,,,,,318,209,,,94,590,174,137,676,177,,,,,,,,,,,,,,,,,,,,,,,,,,,,,,,52,150,,,274,,,,,,,,,,,,,,,,,20,76,,231,,,498,,,,95,326,,167,67,,,,313,237,,,312,,436,,,,429,,,118,,716,248,60,
2025-05-01T12:55:01+00:00,31,72,,72,80,23,,,,70,206,187,356,,,540,42,,,,170,,147,171,,,,,,,,,,,,175,,,11,,,40,973,24,36,,84,,,,5,14,107,,64,,17,,,,,108,,252,22,,,4,,,6,,,,,,,,8,,,,260,,,,177,310,471,,,493,,133,30,700,,,346,385,,,1232,338,,372,209,,189,217,443,,,,,,,,,,,,,,,,,,,,,,,164,,163,37,204,115,,436,163,38,,,135,,,,,338,,,1743,1049,,,,,78,,335,,100,182,431,134,113,172,241,,320,634,232,796,104,,365,,,,,,,,1,,1,379,,,,,,,,,,,,,,,,,151,,,,,,,,,,,24,,,,,,,,,,,,,,,,,,,,,,,,,,,,,,,,,,,,,,135,,239,,262,153,415,,388,52,,,327,,,,407,328,139,,234,441,81,,,,,,49,,,,,,185,,,,,,,,,185,,,,154,87,43,,,,,,231,,,,,,213,22,,407,,246,,,,,,,,,,,,8,,,,,,,,,,,,194,,,,86,,84,465,,355,,,285,257,,,,,,,163,266,,22,,128,,,45,,,0,104,33,371,,76,90,1001,182,,114,,87,,,,,,,,,,,,,,,,,,,,,,716,,307,,540,,,,,,,,,161,118,,,,,,,,,,,,,320,208,,211,,589,178,132,677,,,,,,,,,,,,,,,,,,,,,,,,172,,,80,,,,,48,,,,,,,210,,,,743,,180,333,,,,,,,19,67,,227,,,,,350,,94,325,,,,410,,,314,240,,61,,,,,,,430,,142,113,,720,247,59,
2025-05-01T13:00:01+00:00,34,,,68,77,26,44,,,71,198,181,,,,547,39,,114,216,,,,176,,,,,,,,,,,,163,,,6,,,,,23,,9,87,,,,4,15,104,,63,,16,,,,,102,,251,23,,,2,,4,5,,,,,,,,9,17,,,262,,,,173,314,,,,494,,135,29,692,330,605,345,386,,,,,,,,,,,,,,,,,,,,,,,,,,,,,,,,,,,,,,,,,,,,,,,,,,,,,,,,,,,,,,,,,,,,,,,,,,,,,,,,,,,,,,3,,0,369,222,,,,,,,,,,,,,,,,,,,47,,,,,,,,26,,,,,,,,,,,,,,,,,,,,,,,,,,,,,,,,,,,,,,,491,238,,263,,417,,384,,,305,326,,668,,,323,,,,,80,,,,,,46,,,,,,182,,,,,,,,,183,,,57,,86,41,23,,,,,232,,,,,,212,20,,,,248,,,,,,,,,,,,7,,,,,,,,,,,,193,,,112,,,83,466,,354,,43,284,,,201,,,,,162,,,23,,122,4,,41,,,,106,,374,,65,91,999,179,,113,181,84,,,,,,,,,,,,,,,,,,,,,,718,,305,,539,,,155,,,,,,,,,,,,,74,,,306,,,,318,206,,,93,591,181,129,678,180,,,,,,,,,,,,,,,,,,,,,,445,,,281,83,,,,,,147,,,,156,,,,,,,,183,,,,,,,,13,58,,224,,,497,,352,387,95,324,,170,,411,,449,316,,,,311,,,,,,433,1,141,111,,722,248,57,
2025-05-01T13:05:01+00:00,41,71,,69,76,27,34,,,67,200,,,,,548,36,,115,218,176,,148,,,,,,,,,,,,,155,,,7,,,,974,,39,11,85,,,,5,17,100,,64,,17,,,,,100,,248,,,,,27,5,2,,,,,,,235,8,18,,,,,,76,172,313,475,,577,,,134,26,696,332,603,,,366,443,,325,,,207,,190,221,437,261,,,,,,,,,,,,,,,,,,,,,,162,,161,39,203,116,,435,,,39,,128,,,,,337,,,1742,1032,,,,,,533,332,,99,,432,,,169,238,,319,617,,,83,,362,,,,4,49,0,,4,,,367,113,,,,,,,,,,,,,,,,153,,,,,,,,,,,27,,,,,,,,,,,,,,,,,,,,,,,,,,,,,,,,,,,,,,134,487,,,,,,,388,51,,306,328,,,326,,320,,,,438,79,1286,,,,,,211,,,,,180,,,,189,,,,,,,,56,,89,40,,,,,,,,,,,,211,16,,,,241,,,,,,,,,,,,6,,,,,,,,,,,,195,,,,87,,,465,,353,37,,,,,,,,,,,264,,,,120,0,,40,,280,,102,32,376,,55,,995,173,,112,179,73,,,,,,,,,,,,,,,,,,,,,,716,,306,,545,,,156,,,,,,,119,,,,,,,,,309,122,,,312,,,,,588,184,127,676,181,,,,,,,,,,,,,,,,,,,,,,442,,,,,,,,,,150,,,,,,213,,,,746,,180,,,,,,,,10,45,,217,,80,496,,351,386,,,,,66,410,,,315,,,60,312,,,,,,431,-400,139,,,723,247,,
2025-05-01T13:10:02+00:00,,,174,66,79,29,27,,,61,198,,354,,,541,35,,,212,173,,144,,,,,,,,,,,,,154,,,,,,,975,,,13,86,,,,,19,95,,63,,,,,,,102,,,,,,4,29,,3,,,,,,,234,7,,,,258,,,,171,,469,,578,,,136,,697,331,,,384,,,,,,,,,,,,,,,,,,,,,,,,,,,,,,,,,,,,,,,,,,,,,,,,,,,,,,,,,,,,,,,,,,,,,,,,,,,,,,,,,,0,,,,5,,,349,222,,,,,,,,,,,,,,,,154,,,46,,,,,,,,,,,,,,,,,,,,,,,,,,,,,,,,,,,,,,,,,,,,,,135,491,235,117,261,150,415,,385,50,,,,,,,408,312,,,233,,75,1285,,,,,55,,,,,,182,,,,,,,,,,,,,152,90,38,,,,,,228,,,1,,,212,14,,408,,239,,,,,,,,,,,,4,,,,,,,,,,,,198,,,,83,,,466,,350,,,285,258,,,19,,,,,265,,,,119,,,39,,279,2,101,31,,,,90,,,,,,,,,,,,,,,,,,,,,,,,,,,,,,,,548,,,,,,,,,160,,,,,,,73,,,308,,,,,205,,212,95,589,185,125,677,180,,,,,,,,,,,,,,,,,,,,,,445,,,,80,,,,2257,,,,,,158,,216,,,,743,,183,327,,,,,,,8,35,,206,,,493,,,,,322,,168,67,411,,448,314,242,,,,,437,,,,435,,,110,,,248,,
2025-05-01T13:15:01+00:00,45,,,68,80,22,32,,,54,,183,353,,,539,38,,117,215,178,,,178,,,,,,,,,,,,148,,,6,,,39,978,22,,14,90,,,,,21,93,,64,,18,,,,,,,,22,,,,,6,7,,,,,,,,,17,,,260,,,73,174,315,474,266,,493,,137,28,699,330,,344,,363,441,1230,324,138,,208,,188,222,435,260,,,,,,,,,,,,,,,,,,,,,,159,,154,,204,115,,,161,,,,,,,,,326,,,,1012,49,,,,79,,,,113,184,431,,,,,,316,595,226,795,50,,,,,,,,,,3,,,334,113,,,,,,,,,,,,,,,,153,,,,,,,,,,,,,,,,,,,,,,,,,,,,,,,,,,,,,,,,,,,,,,,,,,488,237,115,260,148,416,,384,48,,,329,,667,,407,309,138,,232,436,71,1290,,,,,,210,,,,,,,,,,,,,,184,,,55,151,87,40,,,,,,218,,,,,,,11,,,,,,,,,,,,,,,,,,,,,,,,,,,,196,,,111,,147,,,,347,,,286,259,,202,,,,,,,,24,,115,,,41,150,,4,102,,374,,62,,997,168,,114,180,78,,,,,,,,,,,,,,,,,,,,,,715,,,,,,,,,,379,,,161,118,,,,,,72,,,309,,,,314,204,,213,,593,187,124,,178,,,,,,,,,,,,,,,,,,,,,,,,,279,,,,,2260,51,147,,,,157,,213,,,,737,,186,324,,,,,,,5,32,,198,,,494,,,388,94,321,,167,,413,,450,,239,,59,,,,,,,434,1,,,250,724,247,,
2025-05-01T13:20:02+00:00,,,,71,79,,27,,,47,196,186,352,,,541,37,,111,217,181,,143,176,,,,,,,,,,,,153,,,3,,,38,,,,17,88,,,,,,89,,,,,,,,,,,247,24,,,,,5,1,,,,,,,235,9,,,,262,,,,,317,,,,,,,26,696,,,343,385,,,,,,,,,,,,,,41,131,,,385,,311,190,,160,68,30,,,,,,52,485,,,,,37,,,,433,,23,36,,114,,,,,,,,1740,,,,,,,532,330,,,,,131,111,165,,,,,,,,,358,,,,1,54,,,,,,322,,,,,,,,,,,,,,,,,,,,,,,,,,,,28,,,,,,,,,,,,,,,,,,,,,,,,,,,,,,,,,,,,,,,490,238,,,,,,385,,,305,,,,324,,,,,,434,67,1301,,,,,54,,,,,,,,,,188,,,,,182,,,56,149,88,41,24,,,,,215,,,,,,,6,,409,,238,,,,,,,,,,,,3,,,,,,,,,,,,197,139,,112,81,,,,,344,,,287,257,,204,,,,116,161,261,,,,110,3,,,,,6,99,32,,,58,,1004,170,,110,179,85,,,,,,,,,,,,,,,,,,,,,,,,,,547,,,155,,,,,,160,119,,,,,,71,,,,123,,,311,203,,,98,596,,127,,170,,,,,,,,,,,,,,,,,,,,,,448,,,,,,,,,48,,,,,,,216,,,,734,,,318,,,,,,,4,27,,191,,,493,,349,,95,322,,169,,,,,313,238,,,,,,,,,433,-400,138,111,,726,240,,
2025-05-01T13:25:02+00:00,46,,,74,78,17,22,,,43,192,184,,,,542,36,,,216,183,,144,172,,,,,,,,,,,,155,,,,,,,,,40,,,,,,,19,85,,62,,19,,,,,,,243,23,,,,28,,0,,,,,,,,11,16,,,261,,,74,173,,,,577,495,,135,27,688,331,604,344,384,361,439,1226,315,,,210,131,,,434,264,,,,,,,,,,,,,,,,,,,,,,155,,149,44,203,110,,431,160,11,33,,104,,,,,313,,,1736,969,47,,,,77,531,327,,114,183,430,127,110,160,236,,312,571,210,797,0,,357,,,,6,,,,1,,,313,,,,,,,,,,,,,,,,,152,,,47,,,,,,,,30,,,,,,,,,,,,,,,,,,,,,,,,,,,,,,,,,,,,,,,489,244,114,259,149,,92,384,,,304,330,,,,,304,139,,230,,68,1302,,,,,,,,,,,,,,,,,,,,181,,,,148,90,40,25,,,,,212,,,,,,,4,,,,237,,,,,,,,,,,,7,,,,,,,,,,,,198,,,,,,,465,,345,,,286,256,,205,,,,,,260,,,,112,1,,43,,280,4,,33,373,,63,,1006,173,,,178,83,,,,,,,,,,,,,,,,,,,,,,716,,307,,546,,,,,,,,,,,,,,,,72,,,,,,,,204,,214,99,595,189,124,,169,,,,,,,,,,,,,,,,,,,,,171,454,,,,,,,,2266,,144,,,,,,213,,,,728,,189,321,,,,,,,5,14,,182,,,,,347,,,323,,172,66,,,449,312,239,,58,,,436,,,,432,,,,,725,237,,
2025-05-01T13:30:01+00:00,50,69,,72,77,11,23,,,44,189,186,351,,,540,34,,113,,185,,,176,,,,,,,,,,,,157,,,0,,,39,975,,41,21,86,,,,,20,83,,63,,23,,,,,,,241,25,,,6,30,,1,,,,,,,,,18,,,260,,,,,318,473,,579,493,,133,28,689,330,603,343,382,,,,,,,,,,,,,,,,,,382,,313,188,,,67,,,,,,,,484,315,,,,,,,,,,,,,,,,,,,,,,,,,,,,,,,,,,,,,,,,,,,,,,,,,9,,,,0,,,308,,,,,,,,,,,,,,,,,154,,,,,,,,,,,,,,,,,,,,,,,,,,,,,,,,,,,,,,,,,,,,,,,,,,491,246,,258,148,,,383,,,,333,,,323,406,301,,,,432,66,,,,,,,213,,,,,184,,,,,,,,,,,,,,,,,,,,,209,,,,,,,5,,,,234,,,,,,,,,,,,,,,,,,,,,,,,197,,,,80,,,,,,,,,,,,,,,117,,259,,,,,0,,41,,,,98,34,,,,,,,,,,,,,,,,,,,,,,,,,,,,,,,,,,,,,,,,,,,,,,,,,,,,,,,,,,,,,,,96,597,186,123,676,163,,,,,,,,,,,,,,,,,,,,,,451,169,,,,,,,,,147,,,,156,,216,,,,731,,,315,,,,289,,,3,-537,,173,,,492,,,,,,,171,64,414,,,,,,,311,,435,,,,427,,137,,,727,230,,
2025-05-01T13:35:02+00:00,48,70,,,75,10,19,,,42,180,,,,155,539,35,,114,217,184,,141,179,,,,,,,,,,,,155,,,5,,,43,,23,39,22,82,,,,,19,77,,62,,26,,,,,104,,239,24,,,8,,,0,,,,,6,,,,17,,,261,,,73,,316,,265,578,492,,,29,692,,599,,,,438,,314,,371,,132,,220,435,,,,,,,,,,,,,,,,,,,,,,,150,,150,46,201,,,429,,8,32,,103,,,,,312,,,1732,945,48,,,,,534,325,,,,,126,108,158,235,,,565,208,798,,,359,,,,17,58,1,,,,,298,,,,,,,,,,,,,,,,,,,,,,,,,,,,,,,,,,,,,,,,,,,,,,,,,,,,,,,,,,,,,,,,,,137,,,113,259,,,,,49,,305,332,,,,,300,,,,434,,,,,,,52,214,,0,,,183,,,,188,,,0,,,57,,56,147,87,39,24,,,,,206,,,,,0,211,1,,408,,232,,,,,,,,,,45,,5,,,,147,,,,,,,,196,,59,111,82,,,466,,,,,,,,,,,,,,,,23,,111,,,42,151,277,,97,,371,,59,,1005,172,,,179,81,,,,,,,,,,,,,,,,,,,,,,712,,305,,544,,,151,,,376,,,,120,,,,,,69,,,,,,,299,199,,212,,591,185,125,,,,,,,,,,,,,,,,,,,,,,,,448,,,,,,,,,,,,,,153,,213,,,,734,,,312,,,,,,,8,,,167,,,,,349,387,,,,,,413,,448,,238,,,,,434,,58,,423,,138,,,728,224,,
2025-05-01T13:40:02+00:00,,,,73,72,2,17,,,38,167,185,352,,,543,,,116,214,186,,140,178,,,,,,,,,,,,153,,,8,,,,974,,40,19,,,,,,14,,,,,25,,,,,105,,240,26,,,7,,,,,,,,5,,,,16,,,260,,,,,,470,263,,491,,132,32,697,,598,344,380,,,,,,,,,,,,,,40,,,,381,,,,,,,29,,,,,,,487,316,,,,,,,,,,,,,,,,,,,,,,,,,,,,,,,,,,,,,,,,,,,,,,,,,,,,,2,,1,294,,,,,,,,,,,,,,,,,155,,,,,,,,,,,32,,,,,,,,,,,,,,,,,,,,,,,,,,,,,,,,,,,,,,136,,248,,,,,,380,48,,306,331,,,,407,303,,,,,67,1303,,,,,50,215,,,,,,,,,,,,,,182,,,57,,93,40,,,,,,199,,,,,,,0,,,,231,,,,,,,,,,,,3,,,,,,,,,,,,197,,61,,83,,85,,,343,,,,,,204,,,,116,,258,,,,112,2,,43,150,278,1,91,,373,,58,,1004,173,,111,178,75,,,,,,,,,,,,,,,,,,,,,,710,,307,,539,,,,,,,,,,,,,,,,70,,,307,,,,293,194,,214,94,592,187,122,675,157,,,,,,,,,,,,,,,,,,,,,,451,,,,86,,,,,,150,,,,,,219,,,,,,,315,,,,,,,2,,,164,,,,,350,,,321,,,61,417,,,311,,,,,,432,,,,425,,139,,,727,225,58,
2025-05-01T13:45:02+00:00,43,68,173,68,70,6,21,,,34,156,184,,,,544,38,,117,,188,,,177,,,,,,,,,,,,149,,,13,,,44,977,,39,14,,,,,,16,72,,60,,23,,,,,108,,241,,,,,,,,,,,,,,,,14,,,266,,,72,172,,472,265,577,490,,,36,692,,595,,,364,,1227,304,139,372,211,131,184,,438,265,,,,,,,,,,,,,,,,,,,,,,,,154,,202,,,428,,15,26,,101,,,,,307,,,1716,905,46,,,,78,532,322,,,178,432,129,104,148,231,,309,557,201,803,,,357,,,,13,,,,7,,0,290,,,,,,,,,,,,,,,,,152,,,,,,,,,,,34,,,,,,,,,,,,,,,,,,,,,,,,,,,,,,,,,,,,,,,,,111,255,,,93,378,46,,305,,,668,,406,296,,,,439,,1302,,,,,51,213,,,,,185,,,,187,,,,,181,,,,146,88,,25,,,,,193,,,,,,210,,,,,232,,,,,,,,,,,,,,,,,,,,,,,,192,,,,82,,86,467,,,,,,,,205,,,,,,,,22,,115,,,,,,,,35,,,45,91,1003,172,,,,76,,,,,,,,,,,,,,,,,,,,,,,,,,,,,,,,,,,,,,,,,,,,,,,,,,,,,91,593,186,127,674,,,,,,,,,,,,,,,,,,,,,,,448,,,,83,,,,,45,,,,274,,,216,,,,731,,186,309,,,,,,,5,,,165,,81,,,349,,94,,,170,62,414,,,310,,,,313,,430,,,,421,,138,110,,726,,,
2025-05-01T13:50:01+00:00,47,,174,76,,8,18,,,35,158,181,351,,,543,41,,118,215,189,,141,,,,,,,,,,,,,144,,,15,,,43,976,,37,15,81,,,,,13,70,,58,,22,,,1203,,109,,,,,,6,,6,3,,,,,6,,,,15,,,269,,,70,173,317,471,,581,,,,35,695,331,596,,,,,,,,,,,,,,,,,,,,380,,312,187,,157,,27,,,,,,,,,,,,,,,,,,,,,,,,,,,,,,,,,,,,,,,,,,,,,,,,,,,,,,,,,11,57,,,6,,,286,,,,,,,,,,,,,,,,,,,,,,,,,,,,,,,,,,,,,,,,,,,,,,,,,,,,,,,,,,,,,,,,,,,493,246,,256,146,,,380,,,,332,,,,405,288,,,,440,66,,,,,,,212,,,,,187,,,,,,,,,179,,,,147,89,,,,,,,197,,,0,,,211,,,,,228,,,,,,,,,,,,,,,,,,,,,,,,193,,60,112,,,,,,342,,42,287,,,206,,,,,,257,,,,114,0,,41,,279,0,,34,,,,,,,,,,,,,,,,,,,,,,,,,,,,,,,,718,,,,542,,,152,,,378,,,159,118,,,,,,69,,,305,122,,,288,191,,213,98,594,184,131,676,155,,,,,,,,,,,,,,,,,,,,,,,,,276,,,,,,,,,,,155,,219,,,,734,,,,,,,,,,2,1,,,,79,490,,,,95,320,,169,61,415,,,309,,,59,,,,,,,419,,137,,,727,221,,
2025-05-01T13:55:01+00:00,51,,173,73,72,9,40,137,,34,,180,350,,,539,40,,115,214,188,,,175,,,,,,,,,,,,146,,,17,,,42,977,,38,11,80,,,,,12,65,,,,23,,,1202,,110,,240,,,,,,,4,,,,,10,,,10,,,,273,,,,,316,474,,582,491,,130,31,697,330,594,,378,362,,1229,305,,,208,130,181,219,436,258,,,,,,,,,,,,,,,,,,,,,,148,,,50,199,107,,,159,21,25,,96,,,,,310,,,1708,880,,,,,79,,325,,115,177,433,,,144,,,,559,199,802,,,,,,,14,,,,7,,1,285,,,,,,,,,,,,,,,,,151,,,,,,,,,,,,,,,,,,,,,,,,,,,,,,,,,,,,,,,,,,,,,,,,,,486,,,,,,92,379,,,,331,,,324,,292,,,229,435,67,,,,,,49,210,,,,,,,,,186,,,,,180,,,,148,90,42,27,,,,,189,,,,,,212,,,,,229,,,,,,,,,,,,2,,,,,,,,,,,,197,,,,80,,,,,343,,,288,,,,,,,,,258,,,,118,,,42,,280,1,90,,,,35,90,1001,170,,112,,79,,,,,,,,,,,,,,,,,,,,,,719,,305,,,,,,,,379,,,160,119,,,,,,,,,300,121,,,286,190,,214,100,600,,127,675,154,,,,,,,,,,,,,,,,,,,,,,,,,,86,,,,2269,,,,,272,154,,,,,,,,183,306,,,,,,,4,,,154,,78,489,,347,,,321,,170,60,,,,,239,,,,,,,,,417,,,108,,729,,,
2025-05-01T14:00:01+00:00,54,63,174,76,,11,45,,,32,157,183,351,,,536,36,,111,216,,,137,173,,,,,,,,,,,,148,,,18,,,40,978,,42,,82,,,,,13,64,,,,22,,,1201,,108,,239,,,,8,29,,1,,,,,9,,,9,14,,,,,,,175,314,473,264,,489,,,34,695,331,,,379,,,,,,,,,,,,,,,132,,,,,314,184,,155,,,,,,,,,489,313,,,,,,,,,,,,,,,,,,,,,,,,,,,,,,,,,,,,,,,,,,,,,,,,,16,,,,,,0,287,112,,,,,,,,,,,,,,,,150,,,,,,,,,,,,,,,,,,,,,,,,,,,,,,,,,,,,,,,,,,,,,,,,,135,487,248,,,,415,,378,,,,328,,,323,403,293,138,,,433,64,,,,,,52,,,,,,186,,,,,,,,,181,,,,147,,41,26,,,,,188,,,,,,,2,,,,226,,,,,,,,,,,,3,,,,,,,,,,,,195,,61,113,,146,,468,,339,,,287,254,,,,,,,,260,,,,121,1,,45,,,,91,,369,,52,89,997,172,,110,179,78,,,,,,,,,,,,,,,,,,,,,,725,,,,541,,,151,,,,,,,,,,,,,,,,303,120,,,281,,,212,99,610,,130,674,155,,,,,,,,,,,,,,,,,,,,,,445,,,,,,,,,,147,,,,,,,,,,,,186,,,,,289,,,,-537,,151,,,490,,346,385,93,320,,,59,416,,446,310,240,,58,,,428,,,,408,,139,109,,728,216,,
2025-05-01T14:05:01+00:00,,62,,74,74,12,39,,,29,161,,349,,,538,33,,,217,189,,136,172,,,,,,,,,,,,,,,19,,,41,,,40,12,81,,,,,,,,62,,,,,1199,,112,,240,27,,,9,30,,,,,,,10,,,8,16,,,278,,,,176,,472,,,,,129,36,694,,,341,381,365,436,1236,294,,373,212,128,,218,433,257,,,,,,,,,,,,,,,,,,,,,,,,,,,,,,,,,,,,,,,,,,,,,,,,,,,,,,,,,,,,,,,,,,,,,,20,65,3,,6,,1,294,,,,,,,,,,,,,,,,,145,,,,,,,,,,,,,,,,,,,,,,,,,,,,,,,,,,,,,,,,,,,,,,,,,136,488,,112,257,147,414,91,377,44,,304,,,,,401,288,,,231,432,66,1296,,,,,51,208,,,,,187,,,,189,,,,,,,,,,,,28,,,,,185,,,,,,,1,,,,223,,,,,,,,,,,,,,,,,,,,,,,,198,140,,114,,145,,,,338,,,,253,,207,,,,,,258,,,,118,5,,44,152,278,0,90,35,373,,59,,996,168,,,,77,,,,,,,,,,,,,,,,,,,,,,722,,302,,545,,,152,,,380,,,,,,,,,,,,,301,121,,,277,,,211,100,614,183,134,671,154,,,,,,,,,,,,,,,,,,,,,,,166,,,,,,,2266,48,,,,,153,,,,,,,,189,300,,,,,,,3,2,,148,,,489,,,,,321,,168,58,415,,,308,,,,,,427,,,,,,,108,,732,213,59,
2025-05-01T14:10:02+00:00,53,,173,76,76,,50,,,35,162,184,347,,,537,32,,109,215,190,,134,174,,,,,,,,,,,,145,,,,,,42,980,,43,14,80,,,,,11,63,,61,,23,,,1197,,113,,,28,,,10,,,,,,,,,,,9,17,,,274,,,,173,313,,,581,,,,34,693,334,,,382,,,,,,,,,,,,,,39,,,,378,,317,182,,,,,,,,,,53,493,316,145,,155,48,198,108,,418,157,17,21,,104,,,,,302,,,1701,838,45,,,,75,535,328,,117,174,430,,102,138,228,,308,560,201,800,,,,,,,23,,,,8,,,293,,,,,,,,,,,,,,,,,147,,,,,,,,,,,35,,,,,,,,,,,,,,,,,,,,,,,,,,,,,,,,,,,,,,,487,,,256,146,,,378,,,305,325,,,324,402,,,,232,428,67,1290,,,,,,205,,,,,183,,,,,,,,,179,,,56,,92,39,29,,,,,179,,,,,,,7,,,,225,,,,,,,,,,,,4,,,,,,,,,,,,194,,60,,79,,,467,,,,41,,254,,,,,,,162,259,,23,,121,10,,,153,279,1,,,372,,66,88,993,172,,111,181,75,,,,,,,,,,,,,,,,,,,,,,,,301,,,,,,,,,,,,,,,,,,,,,302,120,,,279,188,,210,,613,181,137,670,153,,,,,,,,,,,,,,,,,,,,,,,163,,279,,399,,,2269,,,,,,,,,,,,,,,303,,,,,,,4,1,,141,,,487,,,384,92,,,165,57,414,,445,307,239,,,312,,,,,,404,,137,107,,,212,60,
2025-05-01T14:15:02+00:00,59,,174,83,73,,56,,,,163,188,,,,535,30,,113,216,,,135,172,,,,,,,,,,,,144,,,18,,,40,979,,42,,79,,,,,,64,,62,,,,,1196,,110,,239,29,,,,,,0,,,,,17,,234,,18,,,271,,,71,,315,474,,582,488,,,30,,335,593,342,379,,,1237,296,141,375,,,180,219,431,260,,,,,,,,,,,,,,,,,,,,,,147,,152,50,195,109,,412,,14,19,,105,,,,,301,,,1692,803,,,,,,536,325,,121,161,428,126,99,133,,,307,559,199,802,,,,,,,21,,0,,10,,0,292,,,,,,,,,,1,,,,,,,146,,,,,,,,,,,,,,,,,,,,,,,,,,,,,,,,,,,,,,,,,,,,,,,,,135,482,,,257,148,413,,,45,,303,,,,323,401,286,,,,427,,1291,,,,,,210,,,,,186,,,,,,,,,,,,,,91,,28,,,,,175,,,,,,,4,,,,226,,,,,,,,,,,,5,,,,,,,,,,,,191,,,113,80,,85,468,,337,,40,,255,,208,,,,115,163,261,,,,125,14,,49,152,280,0,,,,,,,,,,,,,,,,,,,,,,,,,,,,,,,,,,724,,303,,546,,,,,,381,,,,120,,,,,,,,,300,119,,,278,187,,,99,620,182,136,669,151,,,,,,,,,,,,,,,,,,,,,,,,,,,,,,,,,,,273,154,,,,,,737,,,,,,,,,,3,,,135,,77,483,,344,,91,,,,56,412,,,,,,,313,,,,,,402,,135,,,,204,58,
2025-05-01T14:20:02+00:00,64,,176,90,76,17,,,98,37,,187,,,,536,31,,114,217,,,134,171,,,,,,,,,,,,155,,,19,,,41,,,40,13,75,,,,,12,,,61,,,,,1195,,112,,235,30,,,13,31,,,,,,,15,,,8,17,,,272,,,,170,314,471,,583,,,,,695,,592,339,378,,,,,,,,,,,,,,,131,,,,,320,180,,,,,,,,,,,494,317,,,,,,,,,,,,,,,,,,,,,,,,,,,,,,,,,,,,,,,,,,,,,,,,,22,74,,,15,,,296,,,,,,,,,,0,,,,,,,147,,,,,,,,,,,36,,,,,,,,,,,,,,,,,,,,,,,,,,,,,,,,,,,,,,,481,249,,,146,,,,47,,305,324,,,325,,284,,,,,,,,,,,,211,,,,,,,,,188,,,,,,,,53,,92,43,26,,,,,179,,,,,,211,,,,,225,,,,,,,,,,,,3,,,,,,,,,,,,187,,,,81,,,,,342,,,,,,,,,,114,,263,,,,,18,,50,,282,1,,34,374,,,89,994,175,,112,183,80,,,,,,,,,,,,,,,,,,,,,,727,,302,,544,,,,,,,,,,,,,,,,68,,,299,118,,,274,189,,208,,622,180,140,670,150,,,,,,,,,,,,,,,,,,,,,,448,,,276,,,,,,,144,,,272,155,,222,,,,,,186,300,,,,289,,,4,-537,,130,,,,,342,383,90,322,,160,,,,443,,240,,,,,426,,,,403,,134,104,,730,201,,
2025-05-01T14:25:02+00:00,66,,177,88,78,21,66,,,34,159,189,348,,156,534,29,,115,,189,,133,169,,,,,,,,,,,,157,,,,,,,980,,44,12,78,,,,,11,63,,,,,,,1193,,117,,,32,,,14,30,,,,,,,12,,,9,18,,,269,,,72,169,,474,265,,,,127,27,700,336,,340,377,364,431,1243,298,,,214,130,181,221,433,254,,,,,,,,,,,,,,,,,,,,,,145,,146,48,193,108,,417,153,15,,,100,,,,,291,,,1675,736,43,,,,74,538,321,,,160,425,129,102,123,227,,,563,200,805,,,,,,,,,,,12,,,300,,,,,,,,,,,,,,,,,149,,,,,,,,,,,,,,,,,,,,,,,,,,,,,,,,,,,,,,,,,,,,,,,,,,479,,,255,148,,,377,50,,306,,,,,400,274,,,233,426,68,1295,,,,,,212,,,,,190,,,,186,,,,,178,,,52,148,91,45,24,,,,,184,,,,,,212,5,,,,228,,,,,,,,,,,,,,,,,,,,,,,,185,,,,83,144,,,,343,,,,,,209,,,,,,265,,,,129,27,,,,,2,97,,376,,81,,997,173,,114,,86,,,,,,,,,,,,,,,,,,,,,,725,,303,,,,,,,,,,,,119,,,,,,71,,,296,120,,,272,190,,206,100,,179,138,669,147,,,,,,,,,,,,,,,,,,,,,,,,,,,,,,2272,,,,,,157,,,,,,,,189,297,,,,,,,2,,,,,,485,,341,,89,321,,155,57,413,,,,239,,,,,428,,,,,,132,,,729,198,,
2025-05-01T14:30:01+00:00,,61,,89,79,,67,,,32,157,185,,,,533,25,,114,216,,,130,,,,,,,,,,,,,158,,,21,,,38,981,,43,13,81,,,,,10,68,,60,,,,,1190,,118,,232,,,,16,29,,,,,,,11,,,10,,,,268,,,71,170,,472,,,487,,,30,706,,591,339,,,,,,,,,,,,,,,38,130,,,370,,314,176,,154,,,,,,,,,495,318,,,,,,,,,,,,,,,,,,,,,,,,,,,,,,,,,,,,,,,,,,,,,,,,,,,,,11,,,302,,,,,,,,,,1,,,,,,,,,,,,,,,,,,,,,,,,,,,,,,,,,,,,,,,,,,,,,,,,,,,,,,,,133,,252,,,147,411,,378,,,304,325,,,,399,266,,,,427,65,1288,,,,,,213,,,,,,,,,188,,,,,179,,,,150,,44,22,,,,,,,,,,,211,7,,404,,,,,,,,,,,,,,,,,,,,,,,,,,187,,,,82,,,,,,,,,,,208,,,,113,,266,,,,134,31,,55,,281,0,,33,374,,,,1000,175,,,,,,,,,,,,,,,,,,,,,,,,,,726,,304,,,,,150,,,380,,,159,,,,,,,70,,,297,,,,274,192,,208,98,624,,135,672,148,,,,,,,,,,,,,,,,,,,,,,451,,,,,,,,,52,,,,,158,,219,,,,,,,,,,,,,,3,1,,122,,,486,,,,86,,,154,59,410,,442,306,,,57,,,427,,,,398,,129,105,,730,199,62,
2025-05-01T14:35:01+00:00,,59,,92,80,33,69,,,35,160,184,,,,536,27,,,214,188,,129,168,,,,,,,,,,,,157,,,19,,,39,,24,,16,82,,,,,9,70,,58,,,,,1179,,127,,,,,,17,,,,,,,,14,,233,,19,,,,,,67,171,,473,,,486,,,31,710,337,,338,,,429,1247,,,373,,,182,222,430,255,,,,,,,,,,,,,,,,,,,,,,,,,,,,,,,,,,,,,,,,,,,,,,,,,,,,,,,,,,,,,,,,,,,,,,18,85,,,,,,307,,,,,,,,,,62,,,,,,,147,,,,,,,,,,,35,,,,,,,,,,,,,,,,,,,,,,,,,,,,,,,,,,,,,,132,,,,,148,408,,377,49,,,,,,,,260,,,232,,68,1279,,,,,,216,,,,,,,,,189,,,,,180,,,,151,90,43,23,,,,,182,,,,,,,6,,,,225,,,,,,,,,,,,4,,,,,,,,,,,,191,139,58,,84,,,,,342,,,,,,,,,,114,,265,,,,140,35,,58,,283,2,,32,373,,84,,,174,,117,182,87,,,,,,,,,,,,,,,,,,,,,,725,,,,549,,,149,,,,,,160,,,,,,,,,,298,119,,,276,,,,100,622,180,134,671,144,,,,,,,,,,,,,,,,,,,,,,,160,,,,,,,,54,141,,,271,160,,,,,,,,,,,,,,,,4,2,,121,,78,484,,339,,85,,,151,,409,,443,,238,,,,,431,,,,391,,123,103,,728,197,61,
2025-05-01T14:40:02+00:00,70,,176,94,79,34,65,,,37,163,183,349,,,535,28,,117,,,,124,,,,,,,,,,,,,159,,,20,,,41,,,,,81,,,,,11,72,,59,,,,,1175,,126,,234,31,,,,31,,,,,,,16,,232,8,20,,,260,,,,168,313,472,,584,485,,,30,714,338,589,,373,,,,,,,,,,,,,,,,,,,,,,,,,,,,,,,,,,148,,,50,,109,,414,,17,17,,104,,,,,286,,,1667,697,,,,,76,,320,,124,,,130,101,120,,,,,,,,,,,,,19,,1,,,,,315,,,,,,,,,,61,,,,,,,,,,,,,,,,,,36,,,,,,,,,,,,,,,,,,,,,,,,,,,,,,,,,,,,,,,476,253,114,256,149,406,,380,45,,301,326,,,326,,255,137,,,429,67,1275,,,,,,223,,,,,191,,,,,,,,,181,,,,155,92,42,,,,,,184,,,,,,210,7,,,,230,,,,,,,,,,,,3,,,,,,,,,,,,192,,,,,,86,467,,343,,,286,,50,,,,,,,,,,,,36,,63,153,284,1,96,,,,85,90,998,,,120,,84,,,,,,,,,,,,,,,,,,,,,,,,,,547,,,,,,,,,,,,,,,,,,,297,,,,274,190,,209,101,,,133,,143,,,,,,,,,,,,,,,,,,,,,,,,,279,,,,,,,144,,,,,,222,,,,,,192,294,,,,,,,9,1,,118,,,481,,338,382,,320,,149,57,407,,442,,,,,,,,,,,385,,125,100,,725,195,62,
2025-05-01T14:45:01+00:00,71,58,,96,81,,68,,,39,162,,348,,,534,29,,116,211,192,,,169,,,,,,,,,,,,160,,,21,,,,978,,42,18,,,,,,12,,,58,,,,,1170,,129,,,32,,,13,,,,,,,,10,,,4,22,,,,,,,167,310,473,,,483,,,28,711,336,587,337,376,,,1246,299,,372,211,,184,223,433,260,,,,,,367,,,175,,156,69,,,,,,,55,497,319,146,,149,53,192,107,,409,,16,16,,101,,,,,290,,,1661,630,41,,,,75,,312,,127,157,,129,97,121,229,,,,,,,,,,,,21,,0,,15,,,324,,,,,,,,,,59,,,,,,,,,,45,,,,,,,,,,,,,,,,,,,,,,,,,,,,,,,,,,,,,,,,,,,,,,135,480,258,,,,405,,379,,,,324,,,327,,247,136,,,430,68,1273,,,,,,227,,,,,193,,,,190,,,,,180,,,50,,94,38,,,,,,186,,,,,,209,9,,,,233,,,,,,,,,,,,1,,,,,,,,,,,,195,,59,,83,,,,,342,,,,256,,,,,,,162,,,,,141,38,,60,,283,3,93,33,,,,,,,,,,,,,,,,,,,,,,,,,,,,,,,,724,,,,,,,,,,381,,,161,120,,,,,,68,,,296,118,,,270,191,,,,626,178,139,669,144,,,,,,,,,,,,,,,,,,,,,,454,,,276,89,,,,,55,141,,,,,,219,,,,740,,189,,,,,,,,,2,,115,,77,480,,333,383,,,,148,,406,,441,305,,,,,,,,57,,388,,126,,,724,196,61,
2025-05-01T14:50:01+00:00,,57,177,101,83,,71,,,34,169,,350,,,535,,,115,208,189,,,172,,,,,,,,,,,,165,,,20,,,38,,,45,16,85,,,,,9,,,,,,,,1162,,130,,,34,,,,30,8,,,,,,12,,,1,24,,,,,,66,163,309,472,,,484,,125,27,718,,,,378,,,,,,,,,,,,,,,,,,,,,,,,,,,,,,,,,,,,,,,,,,,,,,,,,,,,,,,,,,,,,,,,,,,,,,,,,,,,,,,,,,19,94,,,13,,,327,222,,,,,,,,,60,,,,,,,146,,,46,,,,,,,,35,,,,,,,,,,,,,,,,,,,,,,,,,,,,,,,,,,,,,,,478,261,113,,151,403,,378,46,,303,320,,669,,400,246,,,,,67,1271,,,,,,225,,,,,195,,,,,,,,,179,,,49,157,,39,,,,,,187,,,,,,210,12,,,,232,,,,,,,,,,,,0,,,,,,,,,,,,199,,,116,82,,,468,,344,,,,254,,207,,,,,,264,,,,,48,,64,,287,1,94,,370,,83,89,,176,,,184,86,,,,,,,,,,,,,,,,,,,,,,728,,,,549,,,,,,,,,,,,,,,,66,,,297,,,,269,,,210,100,625,,,,145,,,,,,,,,,,,,,,,,,,,,,,,,,,,,,2269,56,144,,,,159,,,,,,,,192,291,,,,,,,6,6,,110,,,483,,331,,,318,,144,56,,,,306,241,,,,,432,,,,386,,127,98,,725,,,
2025-05-01T14:55:02+00:00,,58,,102,84,40,75,,,38,178,181,351,,,528,,,117,209,188,,123,171,,,,,,,,,,,,161,,,24,,,37,983,,,13,84,,,,,8,69,,60,,,,,1155,,131,,233,35,,,14,31,7,,,,,,9,,,2,,,,259,,,,162,314,,263,585,,,123,21,716,339,586,,379,362,427,,302,,371,,,186,225,434,258,,,,,,,,,,,,,,,,,,,,,,137,,155,60,188,106,,410,152,11,11,,109,,,,,282,,,1641,503,35,,,,77,539,,,130,153,433,130,98,105,226,,,,,,,,,,,,20,,,,8,,,326,112,,,,,,,,,58,,,,,,,,,,,,,,,,,,,,,,,,,,,,,,,,,,,,,,,,,,,,,,,,,,,,,,,,,483,,,253,149,405,,380,47,,,323,,,,397,248,,,233,431,68,1261,,,,,95,229,,,,,,,,,,,,,,,,,,156,,41,,,,,,192,,,,,,,14,,,,237,,,,,,,,,,,,1,,,,,,,,,,,,202,,,115,,,,,,350,,,,253,,,,,,113,161,259,,,,143,51,,65,,288,,100,,372,,89,,,175,,121,,87,,,,,,,,,,,,,,,,,,,,,,726,,305,,544,,,,,,383,,,,,,,,,,64,,,294,,,,267,,,209,,620,,134,668,,,,,,,,,,,,,,,,,,,,,,,451,157,,,,,,,2272,,,,,270,158,,,,,,,,189,288,,,,,,,5,7,,106,,79,,,330,382,84,317,,139,55,404,,440,305,,,,,,433,,,,384,,126,96,,,200,59,
2025-05-01T15:00:01+00:00,,56,176,107,88,48,87,,,40,171,180,,,,525,25,,114,208,185,,125,169,,,,,,,,,,,,,,,,,,,,,,,,,,,,,,,,,,,,,,,,,,,,,,,,,,,,,,,,,,,,,,,,,,,,,,,,,,,,,,,,,,,,,,,,,,,,,,,,,,,,,,,,,,,,,,,,,,,,,,,,,,,,,,,,,,,,,,,,,,,,,,,,,,,,,,,,,,,,,,,,,,,,,,,,,,,,,,,,,,,,,,,,,,,,,,,,,,,,,,,,,,,,,,,,,,,,,,,,,,,,,,,,,,,,,,,,,,,,,,,,,,302,,,,,395,,,,,427,67,1259,,,,,,,,,,,,,,,,,,,,,,,,,,,,,,,,,,,,,,,,,,,,,,,,,,,,,,,,,,,,,,,,,,,,,,,,,,,,,,,,,,,,,,,,,,,,,,,,,,,,,,,,,,,,,,,,,,,,,,,,,,,,,,,,,,,,,,,,,,,151,,,384,,,160,,,,,,,66,,,293,119,,,266,188,,210,,,,,,,,,,,,,,,,,,,,,,,,,,,,,,,,,,,,,57,,,,,157,,222,,,,743,,,,,,,,,,,,,,,,,,,,,,,,,,,,,,,,,,,,,,,,,,,,,,
2025-05-01T15:00:02+00:00,,,,,,,,,,,,,,,,,,,,,,,,,,,,,,,,,,,,167,,,,,,39,980,,,10,86,,,,,9,63,,59,,,,,1144,,132,,231,,,,,30,8,,,,,,,,231,,25,,,269,,,,,313,473,265,586,483,,,25,714,340,582,338,,,,,,,,,,,,,,,,,,,,,,,,,,,,,,,,,,,,,,,,,,,,,,,,,,,,,,,,,,,,,,,,,,,,,,,,,,,,,,,,,,,18,,,,9,,,327,222,,,,,,,,,57,,,,,,,147,,,45,,,,,,,,,,,,,,,,,,,,,,,,,,,,,,,,,,,,,,,,,,,,,,,,,114,252,,,,,51,,,,,,,,,,,,,,,,,,,,232,,,,,,,,,,,,,,,,,50,,93,38,25,,,,,,,,,,,211,16,,,,239,,,,,,,,,,,,4,,,,,,,,,,,,206,,,,81,,,,,346,,,,,,,,,,,160,,,,,,56,,62,,,,111,34,370,,82,88,996,182,,123,185,93,,,,,,,,,,,,,,,,,,,,,,,,,,,,,,,,,,,,,,,,,,,,,,,,,,,,,102,617,177,137,,144,,,,,,,,,,,,,,,,,,,,,,,,,,,,,,,,,,,,,,,,,,,,,,,,,,,,30,-537,,101,,,481,,,,85,316,,135,54,405,195,438,,,,,312,,,,,,388,,124,,,724,201,,
2025-05-01T15:05:02+00:00,72,57,175,106,89,49,91,,,42,182,182,,,,,27,,115,207,186,,124,166,,,,,,,,,,,,,,,21,,,38,979,,,13,85,,,,,,62,,,,,,,1138,,,,230,36,,,12,32,,,,,,,5,,,0,27,,,,,,65,157,312,471,266,587,485,,,,718,,584,,,361,,1248,308,,375,209,131,184,224,433,262,,,,,,,,,,,,,,,,,,,,,,130,,153,62,192,109,,412,,25,16,,106,,,,,275,,,1631,398,34,,,,,,313,,139,150,436,133,90,101,225,,,,,,,,,,,,13,101,1,,11,,4,335,112,,,,,,,,,54,,,,,,,146,,,46,,,,,,,,,,,,,,,,,,,,,,,,,,,,,,,,,,,,,,,,,,,,,,133,484,264,,,151,,,384,48,,301,,,,326,,246,,,,426,64,1251,,,,,109,237,,,,,196,,,,191,,,,,,,,49,,,37,,,,,,193,,,,,,,19,,,,242,,,,,,,,,,,,3,,,,,,,,,,,,205,,,,80,,87,469,,350,,,288,252,,206,,,,,161,257,,22,,151,64,,64,152,289,2,112,35,,,,,,,,,,,,,,,,,,,,,,,,,,,,,,,,719,,304,,543,,,150,,,,,,,121,,,,,,65,,,294,,,,265,191,,209,104,615,,138,667,148,,,,,,,,,,,,,,,,,,,,,,,,,279,,,,,,,141,,,,158,,,,,,740,,,,,,,,,,23,,,105,,,482,,327,381,84,317,,139,53,403,,437,304,239,,,310,,434,,,,384,,126,95,,722,205,,
2025-05-01T15:10:01+00:00,69,,174,103,88,51,94,,,45,188,,350,,,521,,,116,209,185,,,164,,,,,,,,,,,,172,,,19,,,,980,25,,16,86,,,,,10,,,60,,22,,,1130,,135,,,39,,,,33,9,,,,,,0,,230,1,,,,271,,,66,158,313,468,,,483,,121,29,726,,,340,381,,,,,,,,,,,,,,,,,,,,,,,,,,,,,,,,,,,,,,,,,,,,,,,,,,,,,,,,,,,,,,,,,,,,,,,,,,,,,,,,,,14,,,,10,,5,343,,,,,,,,,,52,,,,,,,148,,,47,,,,,,,,38,,,,,,,,,,,,,,,,,,,,,,,,,,,,,,,,,,,,,,,,266,,251,152,404,,383,47,,300,324,,,327,,243,,,,424,63,1248,,,,,114,236,,,,,200,,,,192,,,,,,,,,157,86,35,,,,,,195,,,,,,,22,,,,243,,,,,,,,,,,,0,,,,,,,,,,,,203,,,114,81,,,468,,351,,,289,251,,205,,,,,,258,,23,,153,72,,,153,290,1,110,,372,,93,,997,183,,,186,88,,,,,,,,,,,,,,,,,,,,,,,,,,,,,,,,,,,,,,,,,,,,,,,,,,,,,103,,181,140,669,151,,,,,,,,,,,,,,,,,,,,,,,,,,92,,,,,58,,,,,157,,,,,,737,,,279,,,,289,,,14,,,109,,,,,326,382,,,,133,54,405,,436,302,240,,56,309,,433,,,,387,,,,,720,,,
2025-05-01T15:15:01+00:00,78,55,172,102,89,56,102,,,,194,185,348,,,526,29,,114,210,182,,123,161,,,,,,,,,,,,174,,,20,,,39,981,,47,17,88,,,,,7,65,,58,,20,,,1119,,134,,227,,,,10,,,,,,,,,,231,2,,,,273,,,67,,312,,,,482,,120,24,730,,583,,382,365,,1252,310,142,380,208,130,185,220,438,258,,,,,,,,,,,,,,,,,,,,,,127,,,64,190,107,,,,32,12,,110,,,,,270,,,1620,300,27,,,,78,,310,,146,146,438,131,88,93,224,,,,,,,,,,,,19,,,,9,,4,349,,,,,,,,,,51,,,,,,,,,,,,,,,,,,,,,,,,,,,,,,,,,,,,,,,,,,,,,,,,,,,,,,,,,482,267,,252,154,,90,,,,301,325,,,,393,229,,,234,422,61,1237,,,,,119,239,,,,,203,,,,189,,,,,,,,,156,,,,,,,,200,,,,,,209,24,,,,,,,,,,,,,,,,1,,,,,,,,,,,,204,,,,80,,,,,,,,,,,,,,,,160,259,158,,,,75,,66,152,289,2,111,,,,97,,994,189,,122,,,,,,,,,,,,,,,,,,,,,,,,715,,305,,544,,,,,,385,,,161,,,,,,,66,,,292,116,,,258,,,210,101,621,184,,668,153,,,,,,,,,,,,,,,,,,,,,,,,,282,,,,,2269,59,,,,,,,225,,,,,,,285,,,,,,,7,,,102,,,484,,324,,,318,,132,,,,435,,,,57,,,434,,,,383,,125,,,719,208,,
2025-05-01T15:20:02+00:00,79,56,171,109,,68,99,,,48,193,,,,,529,32,,113,212,181,,124,,,,,,,,,,,,,177,,,21,,,40,982,,48,18,,,,,,6,,,56,,,,,1105,,136,,226,41,,,,,,,,,,,5,,,4,29,,,276,,,,156,,471,,,,,122,25,737,339,582,342,,,,,,,,,,,,,,,,,,,,,,,,,,,,,,,,,,,,,,,,,,,,,,,,,,,,,,,,,,,,,,,,,,,,,,,,,,,,,,,,,,,15,107,,,12,,7,,,,,,,,,,,52,,,,,,,147,,,,,,,,,,,,,,,,,,,,,,,,,,,,,,,,,,,,,,,,,,,,,,,,,,481,269,,,155,403,,382,46,,,326,,,,392,220,137,,,421,,1225,,,,,125,,,,,,,,,,,,,,,178,,,47,,85,36,24,,,,,207,,,,,,,25,,,,246,,,,,,,,,,,,0,,,,,,,,,,,,205,,,,79,,,469,,353,,,,249,,203,,,,,161,261,,24,,,80,,65,154,,,,,,,100,,,195,,,177,,,,,,,,,,,,,,,,,,,,,,,716,,306,,548,,,,,,387,,,,,,,,,,65,,,295,,,,257,190,,212,104,620,186,139,669,152,,,,,,,,,,,,,,,,,,,,,,454,,,283,,,,,,,,,,269,156,,222,,,,,,192,294,,,,,,,9,,,108,,78,485,,,381,85,319,,130,,,,,,239,,,,,433,,,,384,17,124,93,249,,203,,
2025-05-01T15:25:01+00:00,83,55,,116,90,69,98,,,52,192,,346,,,530,33,,116,213,178,,128,162,,,,,,,,,,,,181,,,22,,,41,981,,49,16,,,,,,,,,57,,22,,,1089,,140,,,40,,,,32,,,,,,,0,,232,6,28,,,277,,,,151,314,470,,,,,,32,741,,,,,,,1250,307,,379,,,188,,445,257,,,,,,,,,,,,,,,,,,,,,,117,,150,71,188,105,,416,151,33,10,,101,,,,,265,,,1614,200,29,,,,,,,,145,149,433,,86,83,223,,,,,,,,,,,,17,,,,10,,10,360,,,,,,,,,,,,,,,,,149,,,48,,,,,,,,,,,,,,,,,,,,,,,,,,,,,,,,,,,,,,,,,,,,,,131,479,268,,253,156,402,92,380,49,,303,322,,,,394,212,,,,423,59,1215,,,,,132,,,,,,205,,,,,,,,,,,,,,,38,23,,,,,213,,,,,,210,24,,,,248,,,,,,,,,,,,,,,,,,,,,,,,204,,,113,80,,86,,,,,,,,,,,,,,,,,,,157,82,,66,,,0,112,34,373,,98,89,,,,120,186,86,,,,,,,,,,,,,,,,,,,,,,,,,,,,,,,,,,,,,,,,,,,,,,,,,,,,,107,618,182,140,671,149,,,,,,,,,,,,,,,,,,,,,,457,154,,284,,,,,2272,,,,,,155,,,,,,,,189,291,,,,,,,4,,,100,,76,486,,322,,,318,,129,55,,,,303,238,,,,,435,,,,383,41,,92,,718,200,61,
2025-05-01T15:30:01+00:00,84,,170,119,,73,106,,,55,196,182,347,,,529,,,117,216,179,,131,159,,,,,,,,,,,,187,,,21,,,42,983,26,47,17,86,,,,,7,67,,,,,,,1074,,,,222,,,,9,,,,,,,,,,,,,,,,,,,,310,467,265,,,,123,27,744,340,584,339,383,,,,,,,,,,,,,,,,,,,,,,,,,,,,,,,,,,,,,,,,,,,,,,,,,,,,,,,,,,,,,,,,,,,,,,,,,,,,,,,,,,,,,,,,8,363,,,,,,,,,,,,,,,,,148,,,,,,,,,,,,,,,,,,,,,,,,,,,,,,,,,,,,,,,,,,,,,,,,,132,481,269,,251,158,401,,383,,,300,324,,668,,,207,,,,420,56,1204,,,,,146,240,,,,,,,,,,,,,,180,,,,155,84,37,22,,,,,224,,,,,,212,28,,,,243,,,,,,,,,,,,,,,,,,,,,,,,205,138,,112,,143,,,,,,,,,,202,,,,,,260,,,,158,91,,72,152,290,,113,,,,,,,,,,,,,,,,,,,,,,,,,,,,,,,,,718,,303,,550,,,149,,,386,,,,,,,,,,66,,,296,118,,,,192,,,,,178,138,670,148,,,,,,,,,,,,,,,,,,,,,,454,151,,286,,399,,,2275,,138,,,268,154,,225,,,,740,,,294,,,,,,,5,,,96,,,484,,,,84,316,,126,53,406,,434,302,,,,308,,,,,,378,27,123,96,,717,202,,
2025-05-01T15:35:02+00:00,85,53,,120,87,78,107,,99,52,202,,,,,530,,,114,,175,,133,161,,,,,,,,,,,,212,,,,,,,985,,,18,89,,,,,,69,,59,,23,,,1050,,,,219,,,,7,,8,,,,,,,,,7,,,,275,,,66,150,312,472,266,586,480,,,30,756,,586,335,382,,,1249,306,,378,202,131,189,222,448,251,,,,,,,,,,,,,,,,,,,,,,119,,149,72,,107,,419,,,11,,98,,,,,261,,,1605,151,30,,,,,,312,,144,152,436,133,,84,,,,,,,,,,,,,9,115,,,14,,10,368,,,,,,,,,,54,,,,,,,151,,,,,,,,,,,37,,,,,,,,,,,,,,,,,,,,,,,,,,,,,,,,,,,,,,131,483,270,115,252,,403,,387,,,,326,,669,,,197,,,233,418,57,1182,,,,,151,239,,,,,207,,,,190,,,,,,,,48,154,83,36,,,,,,231,,,,,,211,,,,,241,,,,,,,,,,,,,,,,,,,,,,,,,,,,79,,87,,,,,,,,,200,,,,112,160,259,,,,156,92,,71,,,1,,,,,100,88,989,201,,116,188,81,,,,,,,,,,,,,,,,,,,,,,,,301,,549,,,147,,,385,,,,,,,,,,,,,294,,,,256,190,,213,,620,,140,,146,,,,,,,,,,,,,,,,,,,,,,457,,,,,,,,,59,,,,,155,,222,,,,,,,,,,,,,,3,1,,90,,77,483,,321,,83,,,123,52,408,,,,,,,,,,,,,376,18,125,,,718,203,,
2025-05-01T15:40:02+00:00,86,,,127,,77,121,,,,209,179,345,,155,532,,,117,217,172,,135,171,,,,,,,,,,,,221,,,,,,,988,27,48,,90,,,,,10,68,,58,,22,,,1039,,,,217,,,,9,34,,,,,,,,,,9,,,,276,,,65,149,,471,,,479,,121,31,761,342,585,334,383,,,,,,,,,,,,,,,,,,,,,,,,,,,,,,,,,,,,,,,,,,,,,,,,,,,,,,,,,,,,,,,,,,,,,,,,,,,,,,,,,,3,,,,,,9,374,,,,,,,,,,55,,,,,,,150,,,49,,,,,,,,,,,,,,,,,,,,,,,,,,,,,,,,,,,,,,,,,,,,,,,482,269,,,160,405,,386,50,,301,,,,,391,193,,,,,59,1169,,,,,163,,,,,,208,,,,192,,,,,,,,,156,90,37,20,,,,,240,,,,,,210,36,,,,244,,,,,,,,,,,,,,,,,,,,,,,,212,,58,114,,,,468,,354,,,,250,,,,,,,,258,,,,158,105,,72,,291,2,112,35,,,,,,,,,,,,,,,,,,,,,,,,,,,,,,,,725,,302,,551,,,148,,,,,,160,119,,,,,,64,,,295,,,,255,189,,,110,625,,139,675,148,,,,,,,,,,,,,,,,,,,,,,,,,,,,,,2272,,135,,,266,154,,,,,,743,,192,291,,,,,,,10,-537,,93,,,,,320,,,,,122,51,406,,,303,,,,,,,,,,377,7,124,99,248,722,,,
2025-05-01T15:45:01+00:00,90,,169,129,88,83,126,,,51,217,180,344,,154,530,32,,,,175,,137,190,,,,,,,,,,,,230,,,23,,,47,,,46,16,94,,,,,7,72,,60,,,,,1024,,,,213,41,,,11,35,,,,,,,6,,,,,,,,,,,145,314,469,265,,478,,119,28,762,,582,332,,,428,1248,309,145,377,200,,194,220,449,249,,,,,,,,,,,,,,,,,,,,,,114,,150,77,,105,,425,,30,10,,102,,,,,253,,,1584,0,34,,,,,538,309,,149,145,439,130,91,87,217,,,,,,,,,,,,5,,,,13,,5,391,,,,,,,,,,58,,,,,,,151,,,,,,,,,,,,,,,,,,,,,,,,,,,,,,,,,,,,,,,,,,,,,,,,,,479,,,253,,,93,389,49,,299,324,,,,,187,,,234,422,62,1157,,,,,171,241,,,,,210,,,,,,,,,181,,,49,,,36,,,,,,245,,,,,,208,42,,,,,,,,,,,,,,,,,,,,,,,,,,,,213,,,115,78,,,,,352,,,290,,,,,,,,,256,,25,,159,106,,75,153,292,,,,,,105,89,993,200,,115,,78,,,,,,,,,,,,,,,,,,,,,,728,,301,,,,,147,,,,,,,,,,,,,67,,,,,,,251,191,,,,624,177,,673,149,,,,,,,,,,,,,,,,,,,,,,,,,285,,,,,2269,,138,,,,,,,,,,,,189,294,,,,,,,4,,,97,,76,481,,,,,315,,117,53,405,,432,,239,,59,,,,,,,380,-400,123,100,247,724,196,,
2025-05-01T15:50:01+00:00,93,54,171,132,89,91,,,,50,229,179,,,,534,33,,122,220,181,,139,203,,,,,,,,,,,,223,,,25,,,46,986,,49,17,95,,,,,6,81,,,,23,,,1003,,,,212,40,,,9,36,9,,,,,,,,,,,,,275,,,,141,,467,262,,480,,115,27,766,,579,331,384,,,,,,,,,,,,,,,,,,,,,,,,,,,,,,,,,,,,,,,,,,,,,,,,,,,,,,,,,,,,,,,,,,,,,,,,,,,,,,,,,,8,122,,,16,,9,400,,,,,,,,,,57,,,,,,,150,,,48,,,,,,,,38,,,,,,,,,,,,,,,,,,,,,,,,,,,,,,,,,,,,,,,478,,114,254,163,,,388,48,,300,321,,,,,174,136,,,423,66,1138,,,,,176,242,,,,,211,,,,,,,,,184,,,50,,85,,21,,,,,251,,,,,,,43,,,,242,,,,,,,,,,47,,,,,,,,,,,,,,210,,60,117,77,144,,467,,351,,,289,,,198,,,,,,,,,,160,113,,78,,,4,115,,,,108,,995,204,,116,189,66,,,,,,,,,,,,,,,,,,,,,,729,,,,555,,,,,,386,,,,,,,,,,65,,,293,,,,255,185,,212,109,622,176,141,674,,,,,,,,,,,,,,,,,,,,,,,,,,,,,,,,,,,,,152,,,,,,,,192,285,,,,,,,5,1,,98,,,,,318,380,,,,114,,402,,433,,240,,,,,,,,,378,,122,99,,723,194,62,
2025-05-01T15:55:01+00:00,94,,172,138,,95,,,,,234,182,,,,535,30,,127,218,188,,142,215,,,,,,,,,,,,222,,,,,,45,987,,46,19,97,,,,,7,101,,61,,,,,960,,,,,41,,,12,,8,1,,,,,5,,,,,,,,,,66,138,,,265,,479,,113,25,,343,,,,367,429,1249,298,,379,196,,198,222,,242,,,,,,,,,,,,,,,,,,,,,,,,,,,,,,,,,,,,,,,,,,,,,,,,,,,,,,,,,,,,,,,,,,,,,,12,,,,,,5,408,,,,,,,,,,62,,,,,,,153,,,49,,,,,,,,,,,,,,,,,,,,,,,,,,,,,,,,,,,,,,,,,,,,,,132,476,,,255,162,401,,386,51,,301,319,,,326,392,162,137,,,,,1130,,,,,,,,,,,212,,,,,,,,,186,,,,155,84,33,,,,,,261,,,,,,,44,,,,246,,,,,,,,,,,,1,,,,,,,,,,,,206,,,,78,,,466,,,,,288,,,195,,,,,,254,,,,164,117,,79,,291,,,,,,109,88,,200,,118,,59,,,,,,,,,,,,,,,,,,,,,,733,,298,,,,,146,,,,,,159,,,,,,,64,,,294,115,,,,183,,210,108,629,178,,,,,,,,,,,,,,,,,,,,,,,,,460,145,,,,,,,,60,,,,,,,,,,,,,,291,,,,,,,10,-537,,100,,,483,,317,382,,,,109,54,400,,434,,,,60,307,,436,,,,379,,123,100,,721,196,,
2025-05-01T16:00:02+00:00,,,,140,,101,131,,,46,228,185,,,,,,,129,222,190,,144,226,,,,,,,,,,,,228,,,26,,,42,990,,43,18,96,,,,,5,112,,60,,,,,938,,,,211,,,,15,,,0,,,,,0,,,,,,,276,,,,135,,469,,587,480,,112,24,776,342,578,,386,,,,,,,,,,,,,,,,,,,,,,,,,,,,,,,,,,115,,152,,189,104,,431,,34,,,106,,,,,251,,,1573,,,,,,79,,307,,150,137,442,131,90,83,215,,,,,,,,,,,,8,,,,15,,3,417,,,,,,,,,,57,,,,,,,154,,,,,,,,,,,,,,,,,,,,,,,,,,,,,,,,,,,,,,,,,,,,,,,,,,477,270,113,256,163,,,,52,,302,317,,,,391,149,138,,,424,67,1118,,,,,183,243,,0,,,214,,,,193,,,0,,185,57,,49,,82,36,,,,,,266,,,,,,209,47,,404,,243,,,,,,,,,,47,,2,,,,147,,,,,,,,207,,,,,,88,464,,350,,,,249,,,,,,,,252,,,,163,124,,82,152,293,7,116,,372,,121,,,193,,115,,49,,,,,,,,,,,,,,,,,,,,,,734,,297,,557,,,,,,,,,,,,,,,,63,,,,111,,,243,180,,,106,631,179,140,675,,,,,,,,,,,,,,,,,,,,,,,,139,,,,,,,,58,135,,,265,150,,225,,,,737,,198,294,,,,,,,3,,,106,,75,482,,315,383,,314,,,52,398,,432,298,,,,,,,,,,380,,,,,722,192,,
2025-05-01T16:05:01+00:00,96,53,,141,86,102,135,,,48,239,,,,,537,28,,134,221,182,,146,238,,,,,,,,,,,,,,,,,,,,,41,,95,,,,,3,123,,57,,,,,904,,,,,43,,,13,,,5,,,,,89,,233,10,,,,,,,,134,311,472,,,,,104,22,781,,576,,382,,428,,291,,376,191,,200,223,450,237,,,,,,,,,,,,,,,,,,,,,,114,,157,78,,,,437,150,45,,,113,,,,,242,,,1523,,27,,,,81,537,308,,173,130,445,,87,78,214,,,,,,,,,,,,7,131,7,,24,,,433,,,,,,,,,,,,,,,,,155,,,,,,,,,,,,,,,,,,,,,,,,,,,,,,,,,,,,,,,,,,,,,,,,,,,,,257,,402,,,51,,303,,,,,392,144,137,,,422,66,1117,,,,,189,,,,,,,,,,192,,,,,184,,,,156,81,35,20,,,,,271,,,,,,210,50,,,,244,,,,,,,,,,,,0,,,,,,,,,,,,205,,,118,76,,,463,,351,,,,,51,196,,,,,159,251,,,,162,129,,84,,,4,,36,,,,,,,,,,,,,,,,,,,,,,,,,,,,,,,,735,,299,,559,,,147,,,387,,,,,,,,,,61,,,,110,,,240,183,,,108,636,178,,,147,,,,,,,,,,,,,,,,,,,,,,,136,,197,92,,,,,,,,,,,,222,,,,731,,,291,,,,,,,4,,,113,,,480,,311,384,82,,,108,,395,,433,297,,,,,,,,,,381,,122,99,,723,190,58,
2025-05-01T16:10:02+00:00,101,56,,146,,105,139,,,49,242,,,,,538,27,,126,224,167,,148,240,,,,,,,,,,,,230,,,24,,,39,991,28,,19,,,,,,,126,,,,24,,,877,,139,,,,,,,37,,2,,,,,91,,,13,,,,,,,,137,312,471,263,,479,,102,24,789,,577,,384,,,,,,,,,,,,,,,,,,,,,,,,,,,,,,,,,,,,,,,,,,,,,,,,,,,,,,,,,,,,,,,,,,,,,,,,,,,,,,,,,,11,,5,,22,,1,442,,,,,,,,,,54,,,,,,,,,,,,,,,,,,,,,,,,,,,,,,,,,,,,,,,,,,,,,,,,,,,,,,,,,476,271,,,167,403,,387,,,,316,,,,389,136,136,,,421,64,1110,,,,,,244,,,,,,,,,194,,,,,186,,,50,157,,34,18,,,,,279,,,,,,211,,,,,243,,,,,,,,,,,,1,,,,,,,,,,,,200,,,117,74,145,,,,,,,,,,195,,,,,160,250,,,,,144,,88,151,,5,117,,373,,142,87,,187,,112,,59,,,,,,,,,,,,,,,,,,,,,,733,,,,560,,,146,,,386,,,160,,,,,,,62,,,,109,,,237,,,,107,639,,141,673,,,,,,,,,,,,,,,,,,,,,,,,133,,,,,,,,57,132,,,264,149,,,,,,734,,,297,,,,,,,3,,,108,,74,481,,313,383,,,,110,50,394,,,,238,,,306,,437,,,,383,,121,97,248,722,189,57,
2025-05-01T16:15:01+00:00,102,55,171,,85,108,138,,,48,247,,,,,535,29,,124,226,156,,155,,,,,,,,,,,,,236,,,25,,,40,,,40,18,,,,,,5,124,,58,,,,,823,,140,,210,44,,,15,36,9,0,,,,,,,,11,27,,,,,,,,291,472,265,,477,,99,22,804,,574,333,,368,429,1245,284,,379,188,132,202,222,448,233,,,,,,,,,,,,,,,,,,,,,,,,,,,,,,,,,,,,,,,,,,,,,,,,,,,,,,,,,,,,,,,,,,,,,,32,,4,,23,,,457,,,,,,,,,,58,,,,,,,156,,,48,,,,,,,,40,,,,,,,,,,,,,,,,,,,,,,,,,,,,,,,,,,,,,,131,475,272,,,,,95,385,50,,301,317,,,,387,133,,,,422,63,1106,,,,,,,,,,,215,,,,,,,,,187,,,,156,,,19,,,,,284,,,,,3,212,,,,,244,,,,,,,,,,,,0,,,,,,,,,,,,198,,,,73,,,,,352,,,,,,,,,,,,249,,,,165,150,,89,,,7,,38,,,,,,,,,,,,,,,,,,,,,,,,,,,,,,,,729,,297,,562,,,,,,,,,,,,,,,,61,,,296,103,,,232,186,,211,111,645,181,142,674,151,,,,,,,,,,,,,,,,,,,,,,,130,,,,,,,2272,,,,,,148,,,,,,737,,,300,,,,,,,,,,111,,,482,,314,384,83,313,,109,51,392,,432,300,,,58,307,,,,,,,1,120,95,,727,192,56,
2025-05-01T16:20:01+00:00,104,53,170,155,,,141,,,,256,184,,,,,31,,121,231,141,,156,243,,,,,,,,,,,,232,,,27,,,38,,,39,21,96,,,,,4,126,,56,,23,,,786,,137,,209,,,,10,,,,,,,,93,,,12,28,,,,,,65,135,,,,,478,,97,23,813,,573,,383,,,,,,,,,,,,,,,,,,,,,,,,,,,,,,,,,,112,,161,83,,103,,436,,51,,,110,,,,,239,,,1480,,,,,92,82,,306,,181,122,,128,89,77,213,,,,,,,,,,,,33,141,,,,,0,462,222,,,,,,,,,59,,,,,,,,,,47,,,,,,,,,,,,,,,,,,,,,,,,,,,,,,,,,,,,,,,,,,,,,,,,,,255,168,404,,386,,,,315,,,327,388,135,137,,,420,66,,,,,,214,243,,,,,218,,,,193,,,,,188,,,,155,79,,21,,,,,295,,,,,12,,55,,,,241,,,,,,,,,,,,,,,,,,,,,,,,200,,59,,,,,462,,,,41,290,247,,,,,,,,,,24,,166,154,,91,152,,,,,372,,137,,996,184,,113,,52,,,,,,,,,,,,,,,,,,,,,,730,,295,,561,,,144,,,387,,,,120,,,,,,63,,,,99,,,227,184,,210,109,643,180,,673,167,,,,,,,,,,,,,,,,,,,,,,457,124,,196,,,,,2269,56,,,,,147,,216,,,,,,,291,,,,,,,2,2,,108,,,481,,315,,82,312,,110,54,391,,435,,237,,,,,436,,,,385,-400,119,94,,729,194,54,
2025-05-01T16:25:01+00:00,,51,,157,,,147,,,47,260,185,,,,531,,,122,232,127,,157,245,,,,,,,,,,,,239,,,29,,,,,,38,,95,,,,,6,128,,,,26,,,744,,,,207,,,,8,,,,,,,,90,,,,,,,274,,,,129,293,471,263,586,479,,96,21,828,,575,332,385,367,432,,283,,381,190,134,199,,447,236,,,,,,,,,,,,,,,,,,,,,,,,,84,191,,,439,,50,,,118,,,,,,,,1387,,,,,,81,,304,,213,,446,127,85,69,205,,,,,,,,,,,,36,,3,,25,,1,469,112,,,,,,,,,57,,,,,,,157,,,45,,,,,,,,,,,,,,,,,,,,,,,,,,,,,,,,,,,,,,,,,,,,,,,476,273,,257,169,,96,385,,,303,313,,,,390,131,,,,419,,,,,,,,244,,,,,,,,,,,,,,,,,,153,,35,20,,,,,298,,,,,25,214,56,,403,,245,,,,,,,,,,,,1,,,,,,,,,,,,202,,,119,76,,90,461,,353,,,,246,,,,,,,161,248,,,,,164,,90,,295,5,114,,374,,140,,,340,,112,190,51,,,,,,,,,,,,,,,,,,,,,,728,,294,,564,,,145,,,,,,161,,,,,,,62,,,,,,,229,186,,208,112,644,182,143,,172,,,,,,,,,,,,,,,,,,,,,,,121,,,,,,,2272,,,,,,,,219,,,,734,,195,,,,,,,,,-537,,107,,,480,,317,,,311,,109,53,387,,,,236,,,306,,437,,,,379,1,117,95,,733,191,,
2025-05-01T16:30:01+00:00,113,50,,154,84,114,151,,,,265,186,345,,,532,33,,,228,111,,158,243,,,,,,,,,,,,,,,32,,,36,993,,,23,97,,,,,,130,,55,,,,,683,,140,,203,,,,4,,,,,,,,,,,13,29,,,277,,,64,126,,473,,,481,,97,22,837,,576,,,,,,,,,,,,,,,,41,124,,,357,,318,158,,149,70,23,,,,,,53,506,320,,,,,,,,,,,,,,,,,,,,,,,,,,,,,,,,,,,,,,,,,,,,,,,,,39,,1,,,,0,472,,,,,,,,,,53,,,,,,,160,,,46,,,,,,,,,,,,,,,,,,,,,,,,,,,,,,,,,,,,,,,,,,,,,,,475,275,,,,,,383,51,,302,310,,668,,393,124,,,235,421,68,1108,,,,,,248,,,,,221,,,,192,,,,,189,,,49,154,77,,19,,,,,307,,,,,41,216,60,,,,248,,,,,,,,,,,,,,,,,,,,,,,,,139,60,,77,,,,,352,,,,244,,,,,,,,249,,,,168,166,,,,,6,116,39,,,145,88,998,176,,111,,47,,,,,,,,,,,,,,,,,,,,,,733,,292,,,,,,,,,,,,,,,,,,,,,298,,,,231,191,,209,114,647,179,144,671,176,,,,,,,,,,,,,,,,,,,,,,,115,,197,,,,,,57,,,,262,146,,216,,,,,,,285,,,,,,,3,,3,103,,73,479,,318,,,,,106,52,388,,433,299,238,,,,,439,,,,380,-400,116,,,734,194,,
2025-05-01T16:35:02+00:00,114,49,,157,85,49,157,,,54,268,181,342,,152,533,,,124,231,94,,,248,,,,,,,,,,,,243,,,34,,,37,,,37,25,94,,,,,4,128,,56,,25,,,658,,,,202,45,,,5,38,13,,,,,,87,,,,28,,,278,,,63,118,290,,,589,,,98,21,839,343,577,333,386,366,,1242,287,,382,186,,204,227,450,237,,,,,,,,,,,,,,,,,,,,,,109,,160,,190,98,,441,,44,,,127,,,,,236,,,1270,,23,,,,,539,303,,247,116,444,129,82,,209,,,,,,,,,,,,45,149,,,29,,1,485,,,,,,,,,,,,,,,,,159,,,,,,,,,,,,,,,,,,,,,,,,,,,,,,,,,,,,,,,,,,,,,,,,,,470,276,110,255,,,,,49,,303,309,,,328,394,116,,,,417,69,,,,,,,249,,,,,223,,,,191,,,,,,,,47,152,76,31,18,,,,,316,,,,,42,,63,,402,,,,,,,,,,,,,,0,,,,,,,,,,,,199,138,61,120,75,,,460,,351,,40,291,,,,,,,,,248,,,,171,177,,92,,297,5,117,40,375,,149,,1000,341,,110,,42,,,,,,,,,,,,,,,,,,,,,,736,,294,,574,,,,,,,,,160,121,,,,,,61,,,300,98,,,230,,,207,116,651,178,143,669,,,,,,,,,,,,,,,,,,,,,,,,106,,,,,,,,,,,,,144,,,,,,731,,201,282,,,,289,,,5,,4,,,74,,,,383,81,,,,,389,,,,239,,,305,,,,,,384,,115,,,736,,,
2025-05-01T16:40:01+00:00,117,47,,156,,50,161,,,57,,183,343,,,535,,,120,,73,,159,251,,,,,,,,,,,,244,,,35,,,39,,,,24,91,,,,,3,127,,54,,,,,619,,,,203,47,,,6,40,14,,,,,,86,,,15,,,,277,,,64,116,289,472,264,,479,,,25,847,344,578,331,387,,,,,,,,,,,,,,38,123,,,,,315,160,,,,,,,,,,,,319,,,,,,,,,,,,,,,,,,,,,,,,,,,,,,,,,,,,,,,,,,,,,,,,,44,,3,,33,,0,504,,,,,,,,,,,,,,,,,,,,,,,,,,,,,,,,,,,,,,,,,,,,,,,,,,,,,,,,,,,,,,,,,,,,279,112,,,,,,48,,,307,,,,,110,,,,418,,1107,,,,,,250,,,,,224,,,,189,,,,,,,,48,153,74,32,19,,,,,324,,,,,54,,64,,,,253,,,,,,,,,,,,,,,,,,,,,,,,200,,,121,76,,,,,353,,,,246,,197,,,,,160,251,,,,172,180,,95,153,,7,,,377,,163,,999,160,,108,,24,,,,,,,,,,,,,,,,,,,,,,,,,,,,,,,,,,,,,,,,,,60,,,299,96,,,229,187,,,115,648,184,,668,177,,,,,,,,,,,,,,,,,,,,,,460,,,,,,,,,,,,,,,,213,,,,,,,,,,,,,,,,-106,116,,,478,,,,,310,,,53,390,,,,238,,,,,,,,,387,,,96,,733,192,52,
2025-05-01T16:45:01+00:00,120,44,,160,84,58,156,,,56,,185,342,,,532,37,,122,234,72,,158,,,,,,,,,,,,,247,,,,,,,,,38,23,89,,,,,1,126,,53,,24,,,572,,,,200,,,,,,13,1,,,,,85,,,,,,,,1,,,105,,470,,590,481,,,28,841,346,579,,386,368,433,1241,285,,381,183,,203,230,446,,,,,,,,,,,,,,,,,,,,,,,111,,162,,187,97,,446,,47,13,,132,,,,,232,,,1151,,21,,,,,538,300,,291,111,447,126,78,,206,,,,,,,,,,,,50,,,,,,,520,,,,,,,,,,52,,,,,,,158,,,49,,,,,,,,,,,,,,,,,,,,,,,,,,,,,,,,,,,,,,,,,,,,,,,475,281,,,170,,,380,51,,300,305,,,,393,107,,,234,419,67,1108,,,,,,252,,,,,226,,,,187,,,,,187,,,50,150,70,31,18,,,,,332,,,,,58,217,66,,,,256,,,,,,,,,,,,,,,,,,,,,,,,203,,60,,77,,,,,352,,,290,247,,,,,,111,,250,,,,174,185,,,,298,9,,41,,,,,,,,,,,,,,,,,,,,,,,,,,,,,,,,731,,293,,568,,,,,,386,,,159,,,,,,,,,,,,,,232,191,,206,118,650,181,144,669,176,,,,,,,,,,,,,,,,,,,,,,,,,,,,,,2275,56,129,,,,,,,,,,,,198,285,,,,,,,4,,,123,,73,479,,317,,80,,,108,52,388,,435,300,,,,,,437,,,,,,116,95,,732,,53,
2025-05-01T16:50:02+00:00,124,43,,162,82,57,153,,,,271,184,,,,,38,,,235,67,,156,257,,,,,,,,,,,,248,,,37,,,38,989,,36,,,,,,,2,,,54,,25,,,539,,,,,48,,,7,38,14,0,,,,,84,,,16,,,,281,2,,63,103,288,,,,480,,99,30,840,348,580,,387,,,,,,,,,,,,,,36,122,,,,,310,161,,147,71,22,,,,,,54,,315,,,,,,,,,,,,,,,,,,,,,,,,,,,,,,,,,,,,,,,,,,,,,,,,,52,161,1,,36,,,535,,,,,,,,,,54,,,,,,,,,,,,,,,,,,41,,,,,,,,,,,,,,,,,,,,,,,,,,,,,,,,,,,,,,,473,,,256,,,,377,52,,302,302,,,327,,106,,,,417,,1112,,,,,,253,,1,,,228,,,,188,,,,,,,,,149,69,32,,,,,,336,,,,,59,,68,,,,257,,,,,,,,,,,,,,,,,,,,,,,,205,,,120,,,89,458,,350,,,291,246,,198,,,,,159,251,,25,,176,188,,96,152,299,,,,379,,,89,,156,,106,189,19,,,,,,,,,,,,,,,,,,,,,,729,,291,,566,,,146,,,,,,,,,,,,,58,,,305,,,,228,192,,,119,649,183,145,673,,,,,,,,,,,,,,,,,,,,,,,,103,,,92,,,,,57,,,,,,,,,,,728,,201,,,,,,,,,5,2,122,,72,480,,320,384,81,,,106,50,386,,436,299,,,,,,436,,,,385,,,94,,,,,
2025-05-01T16:55:01+00:00,,42,,160,,64,156,,,59,274,189,,,,530,37,,121,,68,,154,260,,,,,,,,,,,,247,,,34,,,36,990,,30,22,90,,,,,3,,,53,,24,,,508,,,,,,,,9,,,1,,,,,81,,,14,29,,,,0,,64,98,287,471,,591,477,,100,28,,353,581,,385,,,1242,282,144,379,179,,212,,440,235,,,,,,,,,,,,,,,,,,,,,,,,,,,,,,,,,,,,,,,,,,,,,,,,,,,,,,,,,,,,,,,,,,,,,,55,,2,,35,,1,548,,,,,,,,,,55,,,,,,,,,,50,,,,,,,,,,,,,,,,,,,,,,,,,,,,,,,,,,,,,,,,,,,,,,132,,,,258,169,,,375,56,,301,,,,,394,109,,,,,,,,,,,276,257,,2,,,,,,,,,,,,,,,,147,,,19,,,,,342,,,,,72,216,70,,401,,259,,,,,,,,,,,,,,,,,,,,,,,,202,,,,76,,,457,,351,,,,245,,,,,,,,250,,,,175,191,,97,154,301,10,113,43,377,,,,997,147,,107,188,12,,,,,,,,,,,,,,,,,,,,,,730,,292,,570,,,147,,,387,,,,,,,,,,57,,,304,95,,,226,,,204,120,651,184,143,675,178,,,,,,,,,,,,,,,,,,,,,,463,,,,,,,,,,126,,,,,,,,,,,,,282,,,,,,,3,1,1,123,,,479,,323,,82,,,,49,,196,,298,239,,,,,437,,,,386,,117,95,,729,191,,
2025-05-01T17:00:01+00:00,120,,,162,81,65,161,,,62,281,187,,,,531,38,,125,,,,157,261,,,,,,,,,,,,242,,,,,,,994,29,33,23,,,,,,5,128,,,,,,,468,,139,,198,50,,,,,,,,,1,,84,,232,15,30,,,,1,,,93,,468,,590,,,,23,842,356,583,333,383,,,,,,,,,,,,,,,,,,,,,,,,,,,,,,,,,,110,,163,88,188,96,,447,,46,11,,138,,,,,233,,,1100,,20,,,,,544,297,,305,102,,125,76,,205,,,,,,,,,,,,60,,22,,30,,7,563,,,,,,,,,,58,,,,,,,160,,,,,,,,,,,,,,,,,,,,,,,,,,,,,,,,,,,,,,,,,,,,,,,,,131,475,284,111,259,,407,,374,,,,305,,,,393,,,,,411,68,,,,,,280,,,4,,,230,,,,189,,,,,185,,,49,151,,33,18,,,,,352,,,,,79,215,,,,,260,,,,,,,,,,,,,,,,,,,,,,,,200,,61,,75,,88,458,,346,,,,,,196,,,,,,,,,,176,193,,,155,302,12,117,42,,,,,,,,,,,,,,,,,,,,,,,,,,,,,,,,735,,,,569,,,,,,,,,,122,,,,,,60,,,,97,,,229,189,,201,123,649,,142,676,180,,,,,,,,,,,,,,,,,,,,,,,,,,,,,,,,,,,264,,,,,,,731,,,288,,,,,,,2,-537,-106,122,,,481,,325,,,309,,,,,,435,,240,,,,,,,,,385,,118,94,,731,,52,
2025-05-01T17:05:01+00:00,128,41,,163,,63,158,,,,283,183,341,,,,,,124,237,71,,155,268,,,,,,,,,,,,243,,,32,,,34,998,,32,24,,,,,,,126,,,,25,,,445,,,,200,51,,,8,39,,0,,,0,,86,,,,,,,283,,,62,88,288,,,588,474,,101,24,850,361,588,330,384,,434,1240,277,145,382,,135,214,,442,231,,37,,,,355,,307,,,,,,,,,,,,,317,107,,161,91,187,97,,451,149,43,15,,139,,,,,236,,,1037,,21,,,,,548,298,,326,91,451,,80,,,,,,,,,,,,,,63,170,24,,34,,10,573,,,,,,,,,,,,,,,,,,,,,,,,,,,,,,,,,,,,,,,,,,,,,,,,,,,,,,,,,,,,,,,,,,,,,,,,,,,,,,304,,,,,104,134,,233,410,70,,,,,,,,,,,,,,,,,,,,,,,,,,,,,,,,,,,,,,,,,,,,,,,,,,,,,,,,,,,,,,,,,,,,,,,,,,,,,,,,,,,,,,,,,,,,,,,,,,,,,,,,,,,,,,,,,,,,,,,,,,,,,,,,,,,,,734,,287,,,,,148,,,,,,,123,,,,,,59,,,307,93,,,216,187,,199,,,,,,,,,,,,,,,,,,,,,,,,,,,,466,,,,89,,,,2278,,,,,,143,,,,,,,,,291,,,,289,,,,5,,118,,71,,,321,385,,,,,48,388,,434,296,,,,,,439,,,,384,1,119,95,,732,193,,
2025-05-01T17:05:02+00:00,,,,,,,,,,,,,,,,,,,,,,,,,,,,,,,,,,,,,,,,,,,,,,,,,,,,,,,,,,,,,,,,,,,,,,,,,,,,,,,,,,,,,,,,,,,,,,,,,,,,,,,,,,,,,,,,,,,,,,,,,,,,,,,,,,,,,,,,,,,,,,,,,,,,,,,,,,,,,,,,,,,,,,,,,,,,,,,,,,,,,,,,,,,,,,,,,,,,,,,57,,,,,,,161,,,51,,,,,,,,42,,,,,,,,,,,,,,,,,,,,,,,,,,,,,,,,,,,,,,130,476,283,112,260,170,409,97,373,52,,,,,,,,,,,,,,,,,,,288,259,,1,,,,,,,,,,,,,,,48,150,68,34,16,,,,,358,,,,,88,,71,,,,264,,,,,,,,,,48,,,,,,,,,,,,,,201,,,,74,,87,,,343,,,,,,195,,,,,,251,,,,178,196,,,,,11,119,41,375,,160,,1001,138,,105,189,9,,,,,,,,,,,,,,,,,,,,,,,,,,,,,,,,,,,,,,,,,,,,,,,,,,,,,122,644,180,138,,181,,,,,,,,,,,,,,,,,,,,,,,,,,,,,,,,,,,,,,,,,,,,,,,,,,,,,,,,,,,,,,,,,,,,,,,,,,,,,,,,,,,,,,,,
2025-05-01T17:10:01+00:00,129,42,171,,78,69,164,,,65,285,185,,,,530,34,,125,236,70,,158,269,,,,,,,,,,,,245,,,31,,,30,1001,,29,19,89,,,,,,127,,54,,26,,,403,,,,,,,,7,38,,,,,,,,,,16,,,,284,,,,80,0,469,,0,476,,104,30,849,368,592,331,383,,,,,,,,,,,,,,,,,,,,,,,,,,,,,,,,,,,,,,,,,,,,,,,,,,,,,,,,,,,,,,,,,,,,,,,,,,,,,,,,,,65,,,,29,,6,581,,,,,,,,,,58,,,,,,,162,,,,,,,,,,,,,,,,,,,,,,,,,,,,,,,,,,,,,,,,,,,,,,,,,129,478,282,,259,169,,,,49,,300,,,,,394,96,,,,411,72,1113,,,,,290,262,,0,,,,,,,,,,,,,,,,149,67,32,,,,,,367,,,,,97,216,,,,,266,,,,,,,,,,,,,,,,,,,,,,,,,,60,,73,,,,,339,,,,244,,194,,,,,,250,,,,,203,,98,,,,,39,,,,,,,,,,,,,,,,,,,,,,,,,,,,,,,,,,,,,,,,,,,,,,,,,,,,,,,,,,,,,,,123,643,178,,678,178,,,,,,,,,,,,,,,,,,,,,,,,,198,86,,,,,,,,,,142,,,,,,,,,,,,,,,,3,-537,,119,,,480,,318,,,308,,109,49,,,432,,243,,,306,,438,,,,385,,118,94,,734,,,
2025-05-01T17:15:01+00:00,131,41,169,166,79,73,166,,,63,294,187,,,,531,36,,130,238,,,156,270,,,,,,,,,,,,241,,,34,,,32,1003,32,28,,,,,,,3,,,,,,,,372,,140,,198,,,,6,39,,,,,,,84,,,15,,,,,0,,65,78,,468,,587,,,103,25,847,375,590,,380,369,432,1235,274,146,390,181,,215,232,437,233,,38,123,,,357,,309,159,,,,,,,,,,,505,316,,,166,95,185,98,,457,,25,26,,140,,,,,231,,,939,,23,,,,82,550,292,,359,59,456,,,,212,,,,,,,,,,,,67,,23,,28,,4,590,,,,,,,,,,,,,,,,,164,,,,,,,,,,,,,,,,,,,,,,,,,,,,,,,,,,,,,,,,,,,,,,,,,,476,,113,254,170,410,,370,41,,302,,,,,392,92,,,,410,68,1114,,,,,299,,,,,,231,,,,,,,,,184,,,49,,68,33,,,,,,372,,,,,109,,72,,,,268,,,,,,,,,,,,,,,,,,,,,,,,200,139,,,74,,,,,340,,,292,243,,195,,,,,161,247,,23,,180,205,,,,303,14,121,,377,,167,,1004,133,,,,4,,,,,,,,,,,,,,,,,,,,,,728,,284,,,,,146,,,,,,,,,,,,,56,,,306,,,,213,186,,198,124,645,,141,679,181,,,,,,,,,,,,,,,,,,,,,,,,,,,,,,,,,,,,143,,210,,,,,,,,,,,,,,4,,,117,,70,,,319,,83,305,,,,389,,,298,,,,,,,,,,381,,,95,,,188,51,
2025-05-01T17:20:01+00:00,132,43,,168,80,75,170,,,,296,188,340,,,538,35,,132,241,73,,152,272,,,,,,,,,,,,239,,,36,,,,1001,,26,20,90,,,,,,126,,52,,,,,350,,,,196,49,,,8,,,,,,,,86,,,16,,,,286,,,66,73,288,469,262,588,,,104,24,842,381,593,330,384,,,,,,,,,,,,,,,,,,,,,,,,,,,,,,,,,,,,,,,,,,,,,,,,,,,,,,,,,,,,,,,,,,,,,,,,,,,,,,,,,,71,177,20,,,,5,599,,,,,,,,,,59,,,,,,,,,,52,,,,,,,,,,,,,,,,,,,,,,,,,,,,,,,,,,,,,,,,,,,,,,,477,,,,171,411,,369,,,305,,,,,,95,133,,,407,67,,,,,,303,,,,,,,,,,,,,,,183,,,,145,67,,17,,,,,376,,,,,121,,,,,,265,,,,,,,,,,,,,,,,,,,,,,,,,,59,,,,,459,,,,39,293,,,196,,,,,,,,,,,216,,97,,,15,120,38,,,169,,,128,,107,,2,,,,,,,,,,,,,,,,,,,,,,738,,283,,,,,145,,,388,,,,125,,,,,,57,,,307,,,,216,183,,196,,649,179,143,,187,,,,,,,,,,,,,,,,,,,,,,463,,,,89,,,,2281,,,,,,142,,,,,,,,198,,,,,,,,,,,119,,71,481,,321,,82,306,,115,,392,,,299,,,,,,436,,,,383,-400,120,94,,,190,,
2025-05-01T17:25:02+00:00,133,,167,169,79,71,171,,,,,187,339,,,539,36,,136,244,81,,151,,,,,,,,,,,,,,,,34,,,34,1002,,27,,89,,,,,4,,,51,,,,,328,,137,,,,,,9,38,,,,,,,88,,,17,,,,,,,68,69,287,470,263,587,478,,,25,844,387,598,329,383,370,431,1233,275,148,392,,134,217,231,439,236,,39,,,,354,,315,161,,145,70,21,,,,,,,506,315,104,,163,98,,99,,458,,33,23,,,,,,,234,,,925,,22,,,,,556,293,,369,47,458,126,78,,215,,,,,,,,,,,,74,,,,30,,9,612,,,,,,,,,,61,,,,,,,,,,,,,,,,,,,,,,,,,,,,,,,,,,,,,,,,,,,,,,,,,,,,,,,,126,474,286,,,,412,,365,38,,307,,,,,391,96,,,234,405,66,,,,,,308,270,,,,,233,,,,,,,,,,,,,,,32,,,,,,383,,,,,127,,,,,,268,,,,,,,,,,,,,,,,,,,,,,,,199,,,,75,,,460,,343,,,292,,,,,,,,162,248,,,,181,220,,98,,,16,123,,378,,157,,1005,129,,106,,4,,,,,,,,,,,,,,,,,,,,,,735,,281,,570,,,144,,,,,,,124,,,,,,58,,,,,,,218,185,,195,126,656,182,140,678,186,,,,,,,,,,,,,,,,,,,,,,459,,,,,,,,,59,,,,265,141,,,,,,,,,297,,,,,,,2,,,116,,70,480,,322,,,307,,113,,393,,431,301,,,59,,,439,,,,,1,,95,,,188,,
2025-05-01T17:30:01+00:00,136,44,162,171,,75,181,,,62,303,186,,,,536,,,137,,84,,149,273,,,,,,,,,,,,236,,,33,,,,1003,,28,17,,,,,,3,125,,52,,,,,317,,140,,195,,,,10,39,,,,,,,85,,,16,29,,,288,,,67,67,283,472,,588,479,,107,22,841,395,595,328,386,,,,,,,,,,,,,,,,,,,,,,,,,,,,,,,,,,,,,,,,,,,,,,,,,,,,,,,,,,,,,,,,,,,,,,,,,,,,,,,,,,78,,,,32,,6,619,,,,,,,,,,62,,,,,,,163,,,,,,,,,,,,,,,,,,,,,,,,,,,,,,,,,,,,,,,,,,,,,,,,,123,476,,112,,,413,,360,35,,,302,,,,393,93,,,233,406,67,1113,,,,,314,271,,,,,236,,,,,,,,,184,,,50,,69,31,19,,,,,384,,,,,138,,73,,,,269,,,,,,,,,,,,,,,,,,,,,,,,201,,,121,76,,,,,,,,,,,,,,,,161,249,,,,,223,,100,,,,124,,379,,163,,1006,121,,108,,6,,,,,,,,,,,,,,,,,,,,,,,,278,,572,,,143,,,389,,,,,,,,,,56,,,306,92,,,225,,,196,,,183,142,681,190,,,,,,,,,,,,,,,,,,,,,,463,,,,,,,,,,,,,,,,,,,,,,201,,,,,,,,6,,,117,,72,478,,321,384,80,306,,114,48,392,,434,,242,,,,,,,,,385,,,,249,,187,52,
2025-05-01T17:35:01+00:00,137,42,160,,78,77,188,,,67,306,188,340,,,538,37,,141,245,,,147,272,,,,,,,,,,,,240,,,35,,,37,1002,31,,14,92,,,,,,127,,,,,,,314,,,,,,,,12,,,,,,,,,,,13,,,,292,,,66,63,287,468,,,478,,105,28,843,401,594,,,371,429,,278,147,395,183,135,219,,435,238,,,,,,,,,,,,,,,,,,,,,,,,,,,,,,,,,,,,,,,,,,,,,,,,,,,,,,,,,,,,,,,,,,,,,,82,183,21,,34,,11,624,,,,,,,,,,65,,,,,,,164,,,51,,,,,,,,,,,,,,,,,,,,,,,,,,,,,,,,,,,,,,,,,,,,,,120,,,,255,,,,356,34,,306,,,,328,395,97,,,,404,68,,,,,,317,,,1,,,,,,,,,,,,185,,,,143,67,30,,,,,,390,,,,,147,215,74,,,,264,,,,,,,,,,,,,,,,,,,,,,,,203,,,,,,85,459,,,,,291,242,,194,,,,,160,251,,21,,182,226,,101,156,,14,125,39,,,169,90,,120,,106,,5,,,,,,,,,,,,,,,,,,,,,,,,279,,575,,,,,,388,,,,,,,,,,57,,,307,96,,,223,186,,194,122,658,180,141,684,,,,,,,,,,,,,,,,,,,,,,,,,,,,,,,,58,,,,,,,,,,,734,,,303,,,,,,,3,,,118,,71,479,,322,,,,,,49,391,,435,299,243,,,,,,,,,389,,,,,,182,51,
2025-05-01T17:40:01+00:00,142,,156,174,,84,190,,,69,307,,339,,,540,40,,,,86,,146,275,,,,,,,,,,,,233,,,38,,,,1003,,29,15,,,,,,2,125,,53,,,,,309,,,,,,,,10,40,,,,,,,86,,,10,30,,,296,,,,62,,473,,,480,,106,23,853,406,592,327,385,,,,,,,,,,,,,,,124,,,,,319,,,141,69,22,,,,,,,505,,114,,164,101,188,,,460,,21,20,,143,,,,,235,,,899,,24,,,,,576,308,,415,12,461,125,75,,217,,,,,,,,,,,,85,,,,37,,17,638,,,,,,,,,,67,,,,,,,,,,,,,,,,,,43,,,,,,,,,,,,,,,,,,,,,,,,,,,,,,,,,,,,,,122,474,284,,,172,414,,357,37,,,303,,,,,103,,,,403,69,,,,,,319,273,,3,,,,,,,190,,,,,,,,,144,63,28,18,,,,,392,,,,,160,,75,,,,265,,,,,,,,,,,,,,,,,,,,,,,,204,,57,122,77,,,458,,345,,,,241,,195,,,,,159,,,,,183,228,,102,,302,,127,38,,,171,,1008,122,,103,,8,,,,,,,,,,,,,,,,,,,,,,738,,280,,577,,,,,,389,,,160,123,,,,,,56,,,,95,,,227,192,,193,123,663,178,142,,195,,,,,,,,,,,,,,,,,,,,,,,,,,,,,,,59,,,,,144,,,,,,737,,,306,,,,,,,,,,123,,73,478,,325,385,81,305,,118,48,390,,,298,,,,,,438,,,,387,-400,,96,,,185,,
2025-05-01T17:45:01+00:00,143,,152,,77,,192,,,70,313,187,338,,,544,39,,145,247,90,,149,277,,,,,,,,,,,,232,,,40,,,39,,,30,,93,,,,,,117,,52,,,,,305,,139,,196,,,,6,,,,,,,,87,,233,11,,,,295,,,69,,,472,,,483,,108,30,855,410,595,325,387,374,426,1240,,148,399,182,,,230,440,244,,,,,,,,,,,,,,,,,,,,,,110,,166,102,189,,,459,,26,,,148,,,,,226,,,893,,,,,,,579,,,456,0,458,130,71,,219,,,,,,,,,,,,91,,23,,,,24,646,,,,,,,,,,69,,,,,,,163,,,,,,,,,,,,,,,,,,,,,,,,,,,,,,,,,,,,,,,,,,,,,,,,,117,475,281,113,,,,96,353,36,,305,305,,,,394,101,,,,402,70,1114,,,,,318,,,7,,,,,,,,,,,,186,,,52,,,,17,,,,,394,,,,,168,,74,,,,268,,,,,,,,,,,,,,,,,,,,,,,,,,,,78,,,459,,348,,,290,,,194,,,,,,253,,,,,229,,103,,301,15,,,380,,173,,,120,,101,,5,,,,,,,,,,,,,,,,,,,,,,,,,,582,,,145,,,,,,,122,,,,,,55,,,,96,,,231,191,,,,666,,143,686,196,,,,,,,,,,,,,,,,,,,,,,,,,199,,,,,,,123,,,,,,213,,,,,,,309,,,,,,,2,,,131,,,479,,329,,,,,119,,393,,,,,,,,,439,,,,396,,122,95,,736,187,52,
2025-05-01T17:50:02+00:00,150,41,148,176,78,86,191,,100,71,316,189,337,,,554,37,,150,249,,,152,276,,,,,,,,,,,,241,,,39,,,,,,32,16,92,,,,,1,114,,,,,,,,,,,195,,,,,41,,,,,,,89,,,10,,,,,2,,,61,285,473,,,,,107,29,,415,,322,,,,,,,,,,,,,,,,,,,,,,,,,,,,,,,,,,,,,,,,,,,,,,,,,,,,,,,,,,,,,,,,,,,,,,,,,,,,,,,,,,,93,190,,,36,,,655,,,,,,,,,,70,,,,,,,,,,,,,,,,,,45,,,,,,,,,,,,,,,,,,,,,,,,,,,,,,,,,,,,,,,481,280,,,173,415,,351,35,,303,307,,,329,393,104,132,,,401,,1113,,,,,321,276,,8,,,235,,,,191,,,,,187,,,51,,62,26,18,,,,,400,,,,,178,,75,,,,272,,,,,,,,,,,,,,,,,,,,,,,,201,140,,,79,144,84,460,,349,,,291,,,195,,,,110,,,,,,182,232,,,,300,,128,37,,,186,91,1017,128,,,192,6,,,,,,,,,,,,,,,,,,,,,,740,,281,,587,,,,,,388,,,,123,,,,,,54,,,308,97,,,232,,,197,124,671,179,145,685,,,,,,,,,,,,,,,,,,,,,,,,,,,,,,,,,126,,,,,,,,,,,,,312,,,,,,,,,,135,,,480,,330,384,80,306,,120,50,390,,,299,240,,,,,440,,,,394,1,124,,,739,188,53,
2025-05-01T17:55:01+00:00,155,42,151,177,77,88,189,,,73,318,191,336,,,557,,,152,252,92,,151,277,,,,,,,,,,,,244,,,42,,,40,,,33,18,,,,,,,109,,,,25,,,302,,140,,,,,,,,,1,,,,,,,,9,,,,297,3,,,64,282,472,262,,482,,106,,,417,597,320,386,375,427,1243,288,,401,183,,220,229,,,,38,,,,352,,,160,,142,,,,,,,,,504,314,,,,,,,,,,,,,,,,,,,,,,,,,,,,,,,,,,,,,,,,,,,,,,,,,95,,20,,,,27,667,,,,,,,,,,71,,,,,,,,,,50,,,,,,,,,,,,,,,,,,,,,,,,,,,,,,,,,,,,,,,,,,,,,,116,479,275,,256,,417,97,352,40,,,308,,,,,103,,,232,397,,,,,,,324,277,,17,,,237,,,,,,,,,186,,,,145,61,27,17,,,,,403,,,,,185,,77,,,,276,,,,,,,,,,,,,,,,,,,,,,,,199,,55,,78,,,,,348,,,289,,,,,,,,,254,,20,,,238,,104,154,295,14,,,,,,,,,,,,,,,,,,,,,,,,,,,,,,,,,,738,,283,,,,,144,,,,,,,,,,,,,55,,,,98,,,235,192,,,125,670,,147,688,200,,,,,,,,,,,,,,,,,,,,,,,,,,,,,,,,123,,,,143,,,,,,740,,,315,,,,,,,3,,,132,,,482,,332,383,,,,127,52,391,,,298,,,58,,,,,,,398,-400,128,97,,,185,,
2025-05-01T18:00:01+00:00,,,149,180,78,,184,,,,323,190,,,,561,,,158,,96,,148,280,,,,,,,,,,,,242,,,44,,,39,1002,,34,17,,,,,,2,105,,,,,,,304,,139,,,,,,5,,,0,,,,,88,,,8,,,,,,,,67,281,471,263,,,,108,32,853,422,595,319,385,,,,,,,,,,,,,,,,,,,,,,,,,,,,,,,,,,109,,167,100,188,100,,461,,30,21,,153,,,,,231,,,887,,25,,,,,587,309,,477,41,457,,73,,218,,,,,,,,,,,,97,,,,34,,29,676,,,,,,,,,,72,,,,,,,162,,,,,,,,,,,,,,,,,,,,,,,,,,,,,,,,,,,,,,,,,,,,,,,,,118,,273,112,,174,,,354,43,,304,,,669,,,107,131,,,394,71,1114,,,,,326,278,,18,,,236,,,,192,,,,,184,,,49,,,26,18,,,,,406,,,,,199,,,,,,,,,,,,,,,,,,,,,,,,,,,,,,196,141,,,,,,459,,346,,,290,242,,,,,,,157,253,,21,,,241,,103,155,,16,,38,377,,187,,,127,,,193,10,,,,,,,,,,,,,,,,,,,,,,741,,,,591,,,146,,,,,,,122,,,,,,57,,,,97,,,239,197,,200,,672,180,148,689,204,,,,,,,,,,,,,,,,,,,,,,,,,,,,,,,60,,,,264,,,210,,,,,,204,,,,,,,,7,,,135,,72,481,,335,382,79,,,128,53,389,,,299,,,60,,,,,,,395,,130,96,,740,182,,
2025-05-01T18:05:01+00:00,165,43,148,181,,90,186,,,,328,,,,,,38,,157,,97,,152,283,,,,,,,,,,,,244,,,45,,,41,1003,,36,20,94,,,,,,103,,,,26,,,303,,,,,,,,9,42,,,,,,,89,,,9,,,,298,4,,66,68,280,466,,,483,,112,19,855,423,594,316,387,377,429,1237,289,,404,181,,227,228,442,242,,,,,,,,,,,,,,,,,,,,,,111,,166,104,190,104,,462,,37,17,,165,,,,,225,,,,,,,,,83,593,304,,482,44,458,135,74,,217,,,,,,,,,,,,96,199,21,,37,,31,689,,,,,,,,,,74,,,,,,,161,,,,,,,,,,,46,,,,,,,,,,,,,,,,,,,,,,,,,,,,,,,,,,,,,,114,476,272,113,,,418,,355,44,,305,310,,,330,392,,,,,,,,,,,,327,279,,21,,,,,,,191,,,,,185,,,,,,25,,,,,,408,,,,,202,,79,,402,,279,,,,,,,,,,,,,,,,,,,,,,,,195,,,,,145,,460,,,,,,241,,,,,,,,254,0,,,183,,,102,154,,12,130,39,379,,189,,1010,,,102,,8,,,,,,,,,,,,,,,,,,,,,,745,,,,590,,,145,,,,,,,124,,,,,,,,,309,98,,,,201,,199,,675,181,149,690,,,,,,,,,,,,,,,,,,,,,,,,103,,200,89,399,,,2284,,,,,,144,,,,,,,,,318,,,,,,,2,,,,,73,483,,337,383,,,,133,,388,,436,301,,,,,,441,,,,396,,,,,743,184,,
2025-05-01T18:10:02+00:00,,42,,183,79,92,189,,,74,,189,,,,559,39,,160,,96,,151,288,,,,,,,,,,,,247,,,43,,,40,1002,32,35,23,95,,,,,3,100,,,,,,,302,,,,196,,,,,43,,,,,2,,90,,,10,,,,302,,,,65,278,470,262,,484,,108,22,860,422,596,317,,,,,,,,,,,,,,,,,,,,,,,,,,,,,,,,,,,,,,,,,,,,,,,,,,,,,,,,,,,,,,,,,,,,,,,,,,,,,,,,,,,97,,23,,39,,34,695,,,,,,,,,,76,,,,,,,160,,,51,,,,,,,,,,,,,,,,,,,,,,,,,,,,,,,,,,,,,,,,,,,,,,112,,,,,,,,353,45,,306,,,,329,,111,,,,393,70,,,,,,330,280,,32,,,,,,,,,,,,184,,,48,146,59,,16,,,,,,,,,,213,216,80,,,,281,,,,,,,,,,,,,,,,,,,,,,,,194,,,,,,83,,,343,,,289,,,,,,,,,255,,,,,242,,100,,293,14,132,,380,,202,,1011,134,,101,,14,,,,,,,,,,,,,,,,,,,,,,740,,282,,592,,,,,,,,,159,123,,,,,,58,,,,99,,,249,203,,,123,677,183,150,696,203,,,,,,,,,,,,,,,,,,,,,,,,,199,,,,,,,120,,,265,,,,,,,,,,315,,,,,,,,,,137,,,482,,338,384,,,,134,54,390,,,302,,,,,,,,,,399,,129,98,248,745,182,55,
2025-05-01T18:15:01+00:00,166,,147,,81,,191,,,77,332,191,335,,,,42,,162,254,94,,150,290,,,,,,,,,,,,251,,,44,,,,1000,31,38,26,96,,,,,5,,,,,,,,,,136,,195,50,,,11,44,15,,,,,,92,,234,,,,,304,,,,64,,471,,,483,,107,21,,425,,315,386,,428,1234,287,149,407,,138,231,229,,243,,,,,,,,,,,,,,,,,,,,,,125,,,111,187,105,,463,,51,12,,175,,,,,220,,,881,,,,,,84,592,299,,507,54,,134,78,,224,,307,563,200,805,0,40,357,,,,100,,,,40,,,703,,,,,,,,,,80,,,,,,,162,,,49,,,,,,,,49,,,,,,,,,,,,,,,,,,,,,,,,,,,,,,,,,,,,,,106,,269,,257,,,,352,46,,308,311,,,,393,110,,,,395,69,,,,,,331,281,,30,,,,,,,,,,,,,,,,,62,,15,,,,,,,,,,228,,,,,,279,,,,,,,,,,,,,,,,,,,,,,,,193,,,,,,,,,345,,,287,242,,,,,,,158,,,,,,244,,,,292,15,,,,,,,,,,,,,,,,,,,,,,,,,,,,,,,,,,,,,,,,,,,,,,,,,,,,,,,,,,,,,,,,,122,678,184,151,697,207,,,,,,,,,,,,,,,,,,,,,,,,,,,,,,,59,,,,,145,,,,,,,,,321,,,,,,,3,,,141,,,,,342,,80,,,133,,,,437,303,241,,59,,,,,,,395,1,131,99,249,,185,57,
2025-05-01T18:20:01+00:00,167,,148,185,,95,192,,,75,335,192,,,,556,45,,165,255,,,147,291,,,,,,,,,,,,257,,,47,,,41,1001,,40,28,,,,,,,96,,,,25,,,,,137,,,,,,,,,,,,3,,94,,,,31,,,305,2,,,66,281,470,,,484,,,15,857,428,595,314,388,,,,,,,,,,,,,,,,,,,,,,,,,,,,,,,,,,,,,,,,,,,,,,,,,,,,,,,,,,,,,,,,,,,,,,,,,,,,,,,,,,103,206,25,,44,,37,710,,,,,,,,,,82,,,,,,,161,,,51,,,,,,,,,,,,,,,,,,,,,,,,,,,,,,,,,,,,,,,,,,,,,,98,,,,261,,420,,351,,13,,313,,668,,395,102,,,,396,68,1115,,,,,334,,,40,,,237,,,,192,,,,,,,,50,145,65,28,14,,,,,414,,,,,240,,,,400,,277,,,,,,,,,,,,,,,,,,,,,,,,,,,,,146,,461,,,,,288,241,,,,,,,,256,,,,182,245,,99,155,,,134,,379,,216,,1014,133,,103,192,16,,,,,,,,,,,,,,,,,,,,,,739,,283,,591,,,,,,387,,,,,,,,,,,,,310,,,,251,206,,,121,681,185,,,209,,,,,,,,,,,,,,,,,,,,,,460,,,,,,,,2287,,,,,,,,,,,,,,,324,,,,,,,5,,,148,,74,484,,343,,,309,,137,57,391,,,,,,,,,442,,,,396,-400,,,,743,184,58,
2025-05-01T18:25:01+00:00,166,43,150,187,82,98,,,,79,334,193,334,,,558,43,,166,254,96,,148,293,,,,,,,,,,,,261,,,,,,46,1002,,44,,98,,,,,4,91,,,,24,,,,,140,,,,,,,43,,,,,,,96,,,,,,,306,,,,,,472,,587,485,,,16,,,593,315,,376,429,,295,,408,184,141,232,,446,254,,,,,,,,,,,,,,,,,,,,,,127,,165,110,188,106,,,,57,,,180,,,,,216,,,876,,23,,,,,596,297,,517,56,,133,79,,,,,,,,,,,,,,104,,,,42,,40,713,,,,,,,,,,,,,,,,,162,,,,,,,,,,,,,,,,,,,,,,,,,,,,,,,,,,,,,,,,,,,,,,,,,,,271,,,,419,,,44,,,312,,,,,103,,,,,66,,,,,,340,285,,44,,,235,,,,193,,,,,,,,,143,67,30,,,,,,416,,,,,247,,,,,,280,,,,,,,,,,47,,,,,,,,,,,,,,198,,,,80,,82,,,349,,,286,242,,,,,,,,258,,,,183,246,,100,,293,16,135,,,,221,,1013,136,,102,,25,,,,,,,,,,,,,,,,,,,,,,740,,284,,589,,,146,,,,,,,,,,,,,60,,,312,,,,256,205,,201,123,,187,150,698,,,,,,,,,,,,,,,,,,,,,,,,,,,,,,,,,,,,,,,213,,,,,,,,,,,,,,9,,,140,,75,485,,345,385,,307,,138,59,390,,,,,,,,,,,,,400,,132,,,744,181,57,
2025-05-01T18:30:01+00:00,,44,148,,81,102,193,,,77,337,194,,,,560,45,,169,256,94,,147,294,,,,,,,,,,,,265,,,48,,,42,,,42,32,100,,,,,,,,,,,,,,,139,,,49,,,13,,,,,,4,,95,,,,,,,308,,,,65,282,,,,486,,104,15,855,,595,311,389,,,,,,,,,,,,,,,,,,,,,,,,,,,,,,,,,,,,,,,,,,,,,,,,,,,,,,,,,,,,,,,,,,,,,,,,,,,,,,,,,,,,,,40,,45,730,,,,,,,,,,83,,,,,,,,,,,,,,,,,,,,,,,,,,,,,,,,,,,,,,,,,,,,,,,,,,,,,,,,97,477,273,,260,175,,,,48,,,314,,,,398,113,130,,,398,65,,,,,,341,286,,46,,,,,,,,,,,,185,,,,142,69,,,,,,,417,,,,,254,,,,399,,281,,,,,,,,,,,,,,,,,,,,,,,,202,,,123,81,,,,,348,,,,,,,,,,,,261,,,,,247,,102,,,15,,40,,,240,,1011,142,,,412,22,,,,,,,,,,,,,,,,,,,,,,738,,287,,,,,,,,,,,158,124,,,,,,,,,313,98,,,260,,,,124,683,189,,,210,,,,,,,,,,,,,,,,,,,,,,,,,,92,,,,,,,,,,146,,,,,,743,,,327,,,,,,,12,8,,149,,,,,346,,81,,,140,,394,,,305,,,,309,,,,,,404,1,134,,,,183,58,
2025-05-01T18:35:01+00:00,167,,147,,82,106,199,,,,,198,,,,559,42,,172,259,,,148,297,,,,,,,,,,,,271,,,53,,,43,,,43,34,103,,,,6,7,,,,,25,,,,,140,,,50,,,12,,,4,,,5,,94,,,,,,,310,,,,67,,,,,487,,99,13,850,,596,308,392,377,428,,301,150,,187,,,,448,257,,,,,,,,,,,,,,,,,,,,,,124,,168,,193,118,,465,,,,,,,,,,208,,,,,,,,,85,,,,536,59,457,135,,,226,,,,,,,,,,,,109,211,24,,42,,50,734,,,,,,,,,,84,,,,,,,161,,,50,,,,,,,,,,,,,,,,,,,,,,,,,,,,,,,,,,,,,,,,,,,,,,96,476,274,114,261,,,,349,47,,,317,,,330,,127,,,,,66,1114,,,,,346,287,,47,,,,,,,192,,,,,186,,,,140,73,28,,,,,,422,,,,,264,,81,,398,,284,,,,,,,,,,,,,,,,,,,,,,,,204,,56,,,,,,,349,,,285,243,,,,,,,159,,,22,,,248,,,,296,,,39,,,,,,,,,,,,,,,,,,,,,,,,,,,,,,,,736,,286,,588,,,,,,388,,,,123,,,,,,,,,311,101,,,261,207,,202,125,686,,,700,212,,,,,,,,,,,,,,,,,,,,,,,,,,,399,,,,58,123,,,,,,,,,,,,,330,,,,,,,,,,150,,76,484,,,386,,309,,141,61,395,,,,239,,60,308,,,,,,405,-400,135,101,,748,188,57,
2025-05-01T18:40:01+00:00,170,,,189,86,105,201,,,78,,200,335,,154,558,39,,173,263,99,,,300,,,,,,,,,,,,273,,,57,,,,1006,,45,42,104,,,,,,90,,53,,26,,,,,,,,,,,,,,3,,,,,93,,,12,32,,,311,3,,67,64,285,469,,586,484,,97,14,849,429,598,307,391,,,,,,,,,,,,,,,,,,,,,,,,,,,,,,,,,,,,,115,,,,,,77,11,,194,,,,,,,,874,,,,,,,600,294,,,,,,77,,,,,,,,,,,,,,114,,26,,,,52,744,,,,,,,,,,86,,,,,,,,,,52,,,,,,,,,,,,,,,,,,,,,,,,,,,,,,,,,,,,,,,,,,,,,,,475,275,115,260,,,,352,49,,,,,667,331,401,139,,,,399,67,1115,,,,,,,,56,,,,,,,193,,,,,,,,,145,75,25,,,,,,425,,,,,274,,,,,,283,,,,,,,,,,,,,,,,,,,,,,,,198,,57,,82,145,,462,,348,,,,,,197,,,,,,262,,,,,250,,101,,,14,,42,376,,,,1009,143,,103,193,,,,,,,,,,,,,,,,,,,,,,,740,,288,,591,,,148,,,,,,,,,,,,,62,,,312,103,,,264,209,,,,688,190,149,,213,,,,,,,,,,,,,,,,,,,,,,,,,,,,,,,59,126,,,,147,,216,,,,,,,,,,,,,,19,13,,158,,78,,,348,,82,308,,144,,396,,438,303,238,,,,,444,,,,410,,136,,,,192,58,
2025-05-01T18:45:01+00:00,172,,,190,89,106,205,,,,338,199,,,,557,,,175,269,101,,146,307,,,,,,,,,,,,274,,,59,,,42,,,47,45,,,,,,,87,,,,27,,,,,,,,,,,,44,16,5,,,,3,96,,,,33,,,,,,,,286,,,,,,96,15,847,,600,304,,,429,1233,300,,410,,143,233,,454,262,,,,,,,,,,,,,,,,,,,,,,120,,171,116,,119,,467,,84,,,198,,,,,207,,,878,,22,,,,,,296,,543,61,458,131,75,,227,,,,,,,,,,,,117,,24,,,,58,749,,,,,,,,,,87,,,,,,,162,,,,,,,,,,,,,,,,,,,,,,,,,,,,,,,,,,,,,,,,,,,,,,,,,97,479,279,,261,,420,,354,50,,309,,,668,,400,148,,,,,,,,,,,350,289,,58,,,,,,,194,,,,,,,,,,77,,,,,,,426,,,,,277,,80,,,,,,,,,,,,,,,,,,,,,,,,,,,,201,,,,83,146,,461,,,38,,,244,,200,,,,,158,261,,,,,251,,100,,297,20,136,,372,,251,,1008,151,,,,30,,,,,,,,,,,,,,,,,,,,,,741,,,,593,,,,,,387,,,,,,,,,,,,,313,105,,,268,213,,,126,,,150,,215,,,,,,,,,,,,,,,,,,,,,,,,,,,,,,2290,,,,,266,,,,,,,,,,,,,,,,,18,,,171,,,485,,349,387,,307,,147,,397,,437,302,239,,59,309,,,,,,413,,137,102,,,191,,
2025-05-01T18:50:02+00:00,176,46,,193,92,107,208,,,,337,198,,,,560,37,,176,272,102,,148,309,,,,,,,,,,,,277,,,60,,,43,1007,32,,48,,,,,,,88,,,,28,,,303,,139,,,,,,10,43,17,6,,,4,5,100,,,13,34,,,317,2,,,65,285,472,,,,,97,,849,430,,301,,,,,,,,,,,,,,,,,,,,,,,,,,,,,,,,,,,,,,,,,,,,,,,,,,,,,,,,,,,,,,,,,,,,,,,,,,,,,,,,,,,116,215,26,,44,,64,760,,,,,,,,,,,,,,,,,,,,,,,,,,,,,,,,,,,,,,,,,,,,,,,,,,,,,,,,,,,,,,,,,,96,480,284,,,,,,353,51,,308,321,,,,,149,,,,,69,1114,,,,,354,290,,61,,,236,,,,193,,,,,,,,52,,,27,,,,,,,,,,,284,,81,,,,284,,,,,,,,,,,,,,,,,,,,,,,,203,,56,,85,,,465,,349,,,287,,,,,,,,159,,,23,,182,254,,101,,299,22,138,43,380,,269,,1002,192,,106,,32,,,,,,,,,,,,,,,,,,,,,,744,,289,,,,,,,,,,,157,,,,,,,61,,,315,106,,,270,214,,205,130,,192,149,701,217,,,,,,,,,,,,,,,,,,,,,,,,,,,,,,,,,,,,,,219,,,,,,,,,,,,,,21,,,176,,,486,,351,,83,308,,149,62,398,,438,305,238,,,312,,,,,,418,,,101,,,193,,
2025-05-01T18:55:02+00:00,180,47,148,194,,106,207,,,80,340,199,336,,,559,38,,,273,103,,147,313,,,,,,,,,,,,281,,,,,,,,31,,50,,,,,,8,82,,,,,,,,,140,,,49,,,,44,,,,,3,8,102,,,,,,,,1,,,,,471,,587,485,,93,,851,428,597,299,395,,428,1236,319,,415,189,144,234,230,458,266,,,,,,,,,,,,,,,,,,,,,,,,173,120,192,,,474,,101,,,203,,,,,213,,,876,,23,,,,,,299,,550,68,461,129,71,,,,,,,,,,,,,,119,,28,,40,,68,766,,,,,,,,,,89,,,,,,,,,,,,,,,,,,,,,,,,,,,,,,,,,,,,,,,,,,,,,,,,,,,,,,,,,479,286,,,,421,,,49,,309,322,,,332,399,155,,,233,,73,1115,,,,,356,292,,63,,,,,,,192,,,,,,,,,,79,28,,,,,,,,,,,294,,,,,,285,,,,,,,,,,,,,,,,,,,,,,,,207,,58,,86,,,464,,352,,,,,,,,,,109,,260,,,,,256,,99,,301,23,,44,,,,,,,,,,,,,,,,,,,,,,,,,,,,,,,,743,,,,591,,,149,,,388,,,158,,,,,,,,,,316,108,,,274,218,,207,132,692,195,151,704,218,,,,,,,,,,,,,,,,,,,,,,463,,,200,89,,,,2287,,123,,,,,,,,,,,,,333,,,,289,,,24,18,2,178,,,487,,,,,,,155,,400,,439,304,,,,311,,446,,,,426,,,,,749,195,,
2025-05-01T19:00:01+00:00,183,,,,93,,211,,,81,341,198,,,153,558,37,,,276,109,,,315,,,,,,,,,,,,286,,,62,,,42,1009,,48,54,,,,,,,89,,,,29,,,,,,,,,,,11,43,,8,,,2,11,103,,,14,,,,318,2,,,60,,472,261,,486,,91,14,852,,599,297,393,,,,,,,,,,,,,,,,,,,,,,,,,,,,,,,,,,,,,,,,,,,,,,,,,,,,,,,,,,,,,,,,,,,,,,,,,,,,,,,,,,,,27,,39,,78,771,,,,,,,,,,,,,,,,,,,,50,,,,,,,,,,,,,,,,,,,,,,,,,,,,,,,,,,,,,,,,,,,,,,,478,288,117,,,,,354,52,,308,323,,669,,397,161,,,,400,78,,,,,,358,296,,62,,,,,,,,,,,,187,,,51,143,83,29,,,,,,427,,,,,306,,,,,,288,,,,,,,,,,,,,,,,,,,,,,,,206,,,,,,,465,,351,,,286,,,,,,,,,259,,,,183,257,,,,304,,,,,,275,,,167,,108,192,36,,,,,,,,,,,,,,,,,,,,,,740,,290,,,,,,,,,,,157,,,,,,,63,,,315,111,,,277,222,,,135,695,201,152,,219,,,,,,,,,,,,,,,,,,,,,,,,,,92,,,,,,,,,,148,,,,,,,,,,,,,,,,28,19,3,183,,,489,,,,,,,154,63,,,441,305,,,,,,,,58,,431,,138,,,751,198,59,
2025-05-01T19:15:01+00:00,194,49,,197,89,110,216,,,83,342,199,,,152,566,39,,188,280,111,,149,324,,,,,,,,,,,,297,,,64,,,45,1010,,49,58,,,,,,11,91,,51,,30,,,304,,,,196,,,,13,44,,5,,,3,18,105,,,15,33,,,317,1,,,61,,476,262,585,491,,89,19,878,431,604,295,392,,426,1242,337,,429,193,148,233,229,464,267,,,,,,,,,,,,,,,,,,,,,,122,,174,123,194,121,,477,,120,12,,211,,,,,206,,,879,,25,,,,84,601,301,,557,78,462,,70,,230,,,,,,,,,,,,125,222,28,,40,,95,792,,,,,,,,,,91,,,,,,,161,,,51,,,,,,,,,,,,,,,,,,,,,,,,,,,,,,,,,,,,,,,,,,,,,,,486,291,,,174,422,,363,55,,304,326,,671,,,168,129,,235,399,77,1166,,,,,,298,,71,,,238,,,,197,,,,,188,,,49,148,88,32,,,,,,430,,,,,325,215,83,,,,294,,,,,,,,,,,,,,,,,,,,,,,,205,140,,124,89,147,,464,,352,,,288,246,,,,,,108,,262,,24,,182,263,,,156,313,28,136,43,,,297,,1003,180,,112,193,47,,,,,,,,,,,,,,,,,,,,,,748,,291,,593,,,,,,,,,159,122,,,,,,65,,,,112,,,281,228,,,136,702,198,156,,223,,,,,,,,,,,,,,,,,,,,,,,106,,,,,,,2290,,,,,267,149,,,,,,749,,207,336,,,,,,,40,28,11,207,,,493,,354,,85,310,,159,66,404,,443,306,234,,,,,,,,,441,1,142,104,,756,213,60,
2025-05-01T19:30:01+00:00,205,50,149,,87,115,224,,102,87,346,,335,,,570,42,,191,283,112,,155,328,,,,,,,,,,,,302,,,69,,,48,1012,30,51,60,108,,,,,13,96,,50,,32,,,306,,139,,198,,,,18,42,18,6,,,,23,116,,,18,,,,316,,,,62,,477,,586,492,,85,49,889,433,606,299,395,,425,1245,339,151,,192,,,,466,,,,,,,,,,,,,,,,,,,,,,,128,,175,125,199,120,,480,,140,,,224,,,,,,,,,,26,,,,,,302,,559,79,465,127,72,,228,,,,,,,,,,,,135,228,31,,42,,103,807,,,,,,,,,,96,,,,,,,163,,,52,,,,,,,,,,,,,,,,,,,,,,,,,,,,,,,,,,,,,,,,,,,,,,95,494,296,,,173,423,,,56,14,,328,,,,395,172,,,,402,79,1337,,,,,,299,,87,,,239,,,,,,,,,191,,,51,151,90,33,16,,,,,438,,,,,347,216,84,,,,296,,,,,,,,,,,,,,,,,,,,,,,,207,,62,123,91,,83,465,,363,,,,245,,199,,,20,,,265,,,,,270,,100,153,315,32,138,,,,330,,,195,,114,,59,,,,,,,,,,,,,,,,,,,,,,752,,,,592,,,150,,,389,,,,,,,,,,64,,,319,117,,,296,233,,210,,707,197,164,705,224,,,,,,,,,,,,,,,,,,,,,,,148,,199,92,,,,2293,55,126,,,268,151,,222,,,,755,,,345,,,,,,,45,38,,225,,79,496,,358,,86,,,165,67,406,,444,304,233,,,312,,,,,,447,-400,145,105,,760,225,,
2025-05-01T19:45:02+00:00,226,52,,202,90,120,238,,,88,348,203,,,,574,,,201,289,118,,154,333,,,,,,,,,,,,312,,,71,,,50,1010,,54,64,109,,,,7,12,107,,48,,33,,,,,,,195,,,,25,43,,11,,,4,21,123,,233,17,,,,318,3,,68,63,,476,261,,494,,88,54,900,434,610,300,,,423,1252,353,152,431,196,,234,,472,273,,43,,,,348,,325,155,,154,71,21,0,,,,0,55,501,320,135,,174,128,198,122,,483,,94,14,,233,,,,,209,,,886,,27,,,,85,,301,,560,83,469,129,74,82,,,,,,,,,,,,,142,234,35,,41,,109,828,,,,,,,,,,95,,,,,,,,,,,,,,,,,,,,,,,,,,,,,,,,,,,,,,,,,,,,,,,,,,,,,,,,,493,299,121,265,,,,364,60,,307,335,,672,334,394,198,128,,236,403,83,1358,,,,,,300,,98,,,,,,,196,,,,,192,,,50,,94,31,20,,,,,441,,,,,364,,88,,,,298,,,,,,,,,,,,,,,,,,,,,,,,200,,,122,92,148,82,467,,365,,,287,,,200,,,,,,269,,26,,181,273,,,,316,26,140,45,,,356,,1007,205,,119,,74,,,,,,,,,,,,,,,,,,,,,,766,,296,,596,,,,,,,,,,123,,,,,,67,,,324,120,,,310,236,,211,138,710,200,167,706,228,,,,,,,,,,,,,,,,,,,,,172,466,169,,200,,,,,2296,48,,,,270,152,,231,,,,764,,213,375,,,,289,,,70,70,12,243,,,502,,361,388,,311,,166,69,409,198,,,234,,,,,,,,,465,7,,106,248,764,235,63,
2025-05-01T20:00:01+00:00,241,53,,203,95,125,235,138,,87,352,,,,,587,44,,208,287,122,,162,335,,,,,,,,,,,,324,,,76,,,51,,,59,63,,,,,,17,117,,47,,32,,,,,,,197,,,,,,,13,,,2,29,139,,,18,32,,,323,,,69,89,288,479,262,587,,,95,51,907,435,613,298,394,376,,1251,363,154,433,198,149,,230,475,277,,,,,,350,,333,154,,157,70,20,,,,,,,502,326,139,,176,131,204,120,,484,,100,19,,238,,,,,219,,,892,,26,,,,,603,307,,563,89,471,128,72,85,232,,,,,,,,,,,,146,239,38,,47,,115,838,,,,,,,,,,101,,,,,,,165,,,,,,,,,,,,,,,,,,,,,,,,,,,,,,,,,,,,,,,,,,,,,,,,,97,496,298,,264,,,,368,64,,308,,,673,335,396,199,,,,,,1363,,,,,,303,,99,,,,,,,197,,,,,193,,,49,,,,,,,,,440,,,,,372,,,,,,300,,,,,,,,,,,,,,,,,,,,,,,,204,139,,,94,,81,469,,369,,,,246,,202,,,,107,,276,,,,180,276,,102,152,,34,142,46,373,,370,,1010,209,,121,,86,,,,,,,,,,,,,,,,,,,,,,769,,297,,602,,,149,,,390,,,,125,,,,,,68,,,326,124,,,313,244,,,137,715,205,169,704,231,,,,,,,,,,,,,,,,,,,,,,469,172,,,,399,,,2299,58,129,,,273,,,228,,,,767,,216,384,,,,,,,85,90,19,264,,,507,,362,,,312,,174,70,411,,445,,,,61,,,,,,,481,12,149,109,249,,247,,
2025-05-01T20:15:01+00:00,244,,158,204,97,130,,,,89,355,207,332,,,580,49,,214,288,127,,164,338,,,,,,,,,,,,330,,,80,,,56,,,62,62,,,,,,21,126,,49,,33,,,,,140,,199,46,,,29,,,,,,,32,162,,,22,,,,324,4,,68,106,290,478,264,,496,,99,52,918,436,617,299,396,377,422,1254,398,,437,207,151,,,481,285,,0,125,,,,,334,155,,0,0,,,,,,,,0,,,,179,134,207,,,488,,121,24,,240,,,,,228,,,895,,,,,,,606,309,,,,473,129,81,188,,,,,,,,,,,,,152,244,48,,42,,122,846,,,,,,,,,,103,,,,,,,,,,,,,,,,,,,,,,,,,,,,,,,,,,,,,,,,,,,,,,,,,,,,,,,,100,501,299,122,267,,426,,391,65,,307,336,,672,336,398,212,127,,,400,,1368,,,,,,,,,,,,,,,,,,,,,,,,,,,,,,,,,,,,,,,,,,,,,,,,,,,,,,,,,,,,,,,,,,,205,,63,,,,,470,,372,,,,247,,,,,,,,277,,27,,181,282,,,,,37,144,47,380,0,377,,1012,214,,126,194,107,,,,,,,,,,,,,,,,,,,,,,771,,315,,604,,,,,,392,,,,,,,,,,,,,328,125,,,330,252,,,139,712,208,175,705,233,,,,,,,,,,,,,,,,,,,,,,,,,,92,,,,,59,,,,275,154,,231,,,,770,,219,390,,,,289,,,104,115,30,281,,80,508,,367,390,,,,180,72,410,,,,232,,,,,,,57,,490,27,151,113,,766,252,66,
2025-05-01T20:30:01+00:00,241,54,176,,99,134,,,,93,356,210,334,,,585,51,,220,,139,,177,340,,,,,,,,,,,,363,,,,,,57,1013,,67,65,113,,,,,27,132,,,,,,,,,,,197,45,,,32,,,16,,,4,38,170,,234,23,,,,,5,,72,109,291,481,266,586,497,,103,64,922,,622,,,,,1258,417,156,439,209,,235,233,482,286,,,,,,351,,336,,,,,,,,,,,,,325,143,,182,137,209,123,,493,,133,27,,244,,,,,239,,,899,,27,,,120,86,607,315,,,93,478,132,,230,235,,,,,,,,,,,,153,248,52,,43,,129,863,,,,,,,,,,,,,,,,,,,,51,,,,,,,,,,,,,,,,,,,,,,,,,,,,,,,,,,,,,,,,,,,,,,109,507,302,,,,,,394,63,,,338,,,,399,224,,,,,87,1374,,,,,,,,,,,,,,,,,,,,,,,,,,,,,,,,,,,,,,,,,,,,,,,,,,,,,,,,,,,,,,,,,,,216,,,,98,,80,,,375,,,,,,205,,,,,161,279,,,,,286,,,153,318,36,,,379,,384,,1014,221,,,,148,,,,,,,,,,,,,,,,,,,,,,774,,314,,597,,,147,,,393,,,,124,,,,,,,,,333,126,,,335,256,,214,141,714,209,178,,238,,,,,,,,,,,,,,,,,,,,,,472,178,,,95,,,,,60,129,,,,,,,,,,,,,396,,,,,,,121,124,36,292,,,510,,373,,,313,,181,,412,,447,307,234,,60,,,,,,,501,56,152,114,,765,259,,
2025-05-01T20:45:01+00:00,243,55,181,,102,135,237,,,95,355,,,,,589,52,,223,,169,,180,341,,,,,,,,,,,,391,,,83,,,61,1014,,68,69,115,,,,,31,129,,48,,,,,,,,,196,,,,33,,,20,,,8,44,177,,,24,,,,326,,,78,113,,480,,584,496,,105,63,954,435,,300,395,378,423,1263,437,157,,211,152,,,486,290,,,,,,357,,331,,,,,18,,,,,,,,326,149,,184,139,208,126,,,,153,37,,256,,,,,256,,,911,,29,,,,88,608,331,,564,103,479,135,86,236,236,,,,,,,,,,,,,251,54,1,49,,137,877,,,,,,,,,,107,,,,,,,,,,52,,,,,,,,50,,,,,,,,,,,,,,,,,,,,,,,,,,,,,,,,,,,,,,124,510,303,128,,,427,,395,65,,,341,,,,402,231,,,,402,,1375,,,,,,,,,,,,,,,,,,,,,,,,,,,,,,,,,,,,,,,,,,,,,,,,,,,,,,,,,,,,,,,,,,,238,140,61,123,,,79,471,,378,,,,246,,204,,,,106,166,,,28,,,287,,105,152,,40,,,373,,394,,1021,225,,129,,165,,,,,,,,,,,,,,,,,,,,,,,,316,,601,,,,,,,,,,,,,,,,,,,,,,,344,259,,215,145,716,217,182,706,241,0,48,,0,39,186,27,211,0,247,210,0,0,0,0,0,,,0,0,,475,182,,,,,,,,,132,,,,,,228,,,,773,,222,402,,,,,,,129,143,47,300,,81,512,,376,,,311,,185,73,417,,448,309,233,,,,,,,,,507,71,153,,,,268,67,
2025-05-01T21:00:02+00:00,,54,184,,105,136,240,,,97,357,,338,,,596,,,238,289,252,,184,352,,,,,,,,,,,,397,,,85,,,63,1018,,67,70,116,,,,,33,134,,49,,34,,,,,,,,,,,34,44,,,,,,47,184,,,,,,,330,,,,129,,,,,,,,,,,,,,,,1264,445,,440,215,,,234,,294,,,,,,359,,332,,,,,,,,,,,,,327,152,,186,141,209,127,,495,,208,49,,273,,,,,259,,,914,,,,,,89,610,342,,,100,481,137,87,241,,,,,,,,,,,,,152,256,,2,53,,143,891,,,,,,,,,,,,,,,,,166,,,,,,,,,,,,,,,,,,,,,,,,,,,,,,,,,,,,,,,,,,,,,,,,,129,,,129,,174,,,398,67,,,343,,,337,,244,,,,404,91,1377,,,,,,,,,,,,,,,,,,,,,,,,,,,,,,,,,,,,,,,,,,,,,,,,,,,,,,,,,,,,,,,,,,,241,141,62,124,,,,,,379,,,286,,,,,,,,167,281,,,,182,292,,104,151,,41,143,46,379,,405,,1038,231,,132,,176,,,,,,,,,,,,,,,,,,,,,,781,,317,,608,,,148,,,,,,,123,,,,,,73,,,,,,,351,,,,148,717,220,186,,242,,,,,,,,,,,,,,,,,,,,,,476,183,,,,399,,,,,,,,,155,,231,,,,,,,414,,,,,,,135,175,54,310,,,511,,378,,,312,,186,,,,,,,,,,,,,,,512,85,,,,766,270,68,
2025-05-01T21:15:02+00:00,244,,,207,,139,241,,,98,,,,,,600,53,,241,292,287,,188,355,,,,,,,,,,,,399,,,86,,,62,,,62,71,117,,,,,35,136,,48,,35,,,,,,,197,,,,35,43,,19,,,10,51,188,95,,27,,,,331,,,77,164,294,481,,585,,,111,94,972,437,624,321,397,,,1267,454,,441,,151,,,,297,,,,,,,,,,,,,,,,,,,,,,160,,189,142,,130,,499,,274,57,,289,,,,,289,,,947,,38,,,164,,613,350,,566,106,482,141,92,252,238,,,,,,,,,,,,156,263,56,0,56,,,896,,,,,,,,,,,,,,,,,165,,,53,,,,,,,,,,,,,,,,,,,,,,,,,,,,,,,,,,,,,,,,,,,,,,143,507,,132,,,,,399,,,309,346,,,,403,274,,,,425,92,,,,,,,,,,,,,,,,,,,,,,,,,,,,,,,,,,,,,,,,,,,,,,,,,,,,,,,,,,,,,,,,,,,,250,,63,,,,,,,,,,,,,,,,,,168,279,,,,183,293,,,,,,144,,,,410,90,1042,229,,133,,188,,,,,,,,,,,,,,,,,,,,,,787,,318,,613,,,,,,395,,,,122,,,,,,76,,,336,127,,,360,262,,,,,221,188,,,,,,,,,,,,,,,,,,,,,,,,475,184,,,,,,,2299,59,,,,,,,,,,,776,,228,423,,,,289,,,150,209,59,323,,,,,382,,,313,,185,,,,449,,,,,315,,,,,,513,105,,113,,,279,,
2025-05-01T21:30:01+00:00,,56,,209,106,140,249,,,97,358,,,,,610,,,,293,295,,196,357,,,,,,,,,,,,401,,,,,,63,1020,31,63,72,118,,,,6,36,140,,47,,,,,,,,,201,,,,37,44,,,,,,,191,,,,,,,332,6,,,167,301,483,265,,493,,114,108,978,438,625,336,402,,424,1266,457,,440,217,,,235,488,,,,,,,,,,,,,,,,,,,,,,,168,,192,144,212,,,,,283,59,,292,,,,,304,,,1020,,56,,,,90,616,,,567,111,,145,98,254,,,,,,,,,,,,,,270,55,,55,,144,903,,,,,,,,,,108,,,,,,,167,,,,,,,,,,,,,,,,,,,,,,,,,,,,,,,,,,,,,,,,,,,,,,,,,146,508,,,268,,,,400,69,,,,,,,405,281,126,,,427,93,,,,,,,,,,,,,,,,,,,,,,,,,,,,,,,,,,,,,,,,,,,,,,,,,,,,,,,,,,,,,,,,,,,,257,,,,,,,470,,378,,,,247,,,,,,,170,280,,,,182,,,102,,,,145,,,,412,,1047,225,,136,195,197,,,,,,,,,,,,,,,,,,,,,,795,,319,,617,,,149,,,,,,,123,,,,,,,,,337,128,,,364,263,,217,152,720,225,,707,244,0,48,,0,39,186,27,211,0,247,210,0,0,0,0,0,,,0,0,,478,,,,,,,,2302,60,,,,276,,,234,,,,,,,426,,,,,,,187,243,66,326,,,513,,383,,85,,,190,,421,,,,,,61,,,,,,,520,128,,114,,,288,,
2025-05-01T21:45:01+00:00,,55,,210,,,254,,,98,,212,,,,612,,,,296,308,,202,358,,,,,,,,,,,,406,,,87,,,62,1019,,65,,,,,,,37,142,,,,,,,,,,,200,,,,38,43,,17,,,9,52,,,,,,,,,7,,,,303,480,266,584,,,115,112,981,440,,350,403,,,1268,475,,444,221,153,,,487,302,,,,,,,,,,,,,,,,,,,,,,169,,200,,214,132,,500,,291,68,,296,,,,,313,,,1231,180,72,,,205,91,,,,568,120,,,107,253,,,,,,,,,,,,,,273,,2,54,,,904,,,,,,,,,,107,,,,,,,166,,,,,,,,,,,,,,,,,,,,,,,,,,,,,,,,,,,,,,,,,,,,,,,,,,509,304,133,,,,,,68,,310,,,671,336,407,292,,,,428,92,,,,,,,,,,,,,,,,,,,,,,,,,,,,,,,,,,,,,,,,,,,,,,,,,,,,,,,,,,,,,,,,,,,,259,,,,,,78,472,,379,,,,,,,,,,,,279,,,,183,,,106,,,42,,,380,,419,91,1057,224,,138,,202,,,,,,,,,,,,,,,,,,,,,,797,,321,,616,,,150,,,,,,,,,,,,,78,,,,,,,366,,,218,,,227,,,,,,,,,,,,,,,,,,,,,,,,,,,,,95,,,,2305,,132,,,,,,231,,,,,,,429,,,,,,,211,263,69,333,,,514,,,,,,,191,,423,,450,,234,,62,316,,,,,,525,166,155,113,250,,295,,
2025-05-01T22:00:02+00:00,,,,208,,145,260,,,,,216,337,,,616,,,243,,316,,204,,,,,,,,,,,,,408,,,88,,,61,,32,67,,,,,,,39,141,,,,,,,,,,,,,,,,,,20,,,,53,101,,,,,,,331,,,,169,,482,,,,,118,117,,441,,359,404,,423,,476,,,228,,,,489,,,,,,,,,,,,,,,,,,,,,,,172,,,145,,,,,,302,71,,303,,,,,323,,,1382,373,78,,,,92,,351,,569,129,,147,108,256,237,,,,,,,,,,,,,277,,,53,,145,905,,,,,,,,,,108,,,,,,,,,,,,,,,,,,,,,,,,,,,,,,,,,,,,,,,,,,,,,,,,,,,,,,,,,508,,134,,,,,,71,,,,,,,,306,,,235,430,93,,,,,,,,,,,,,,,,,,,,,,,,,,,,,,,,,,,,,,,,,,,,,,,,,,,,,,,,,,,,,,,,,,,,,,,,,,77,,,380,,,,,,,,,,,,281,,,,,,,,,,41,,47,,,424,,1058,228,,,,206,,,,,,,,,,,,,,,,,,,,,,795,,,,617,,,152,,,,,,,126,,,,,,79,,,338,,,,367,264,,,153,722,,189,708,,,,,,,,,,,,,,,,,,,,,,,479,,,,,,,,,,,,,,,,,,,,,,,,88,,,,,,169,297,71,336,,,515,,382,,,,,192,,422,,,308,,,,,,,,,,528,181,,114,,,298,,
2025-05-01T22:15:01+00:00,,56,,,,148,272,,,97,360,,,,,618,,,,,319,,205,359,,,,,,,,,,,,410,,,,,,,1020,,69,,117,,,,,40,144,,,,,,,,,,,,,,,,44,,22,,,,54,102,,,29,,,,333,,,,171,,478,,,492,,117,,984,,626,362,405,,,,,,,,,,,,,,,,,,,,,,,,,,,,,,,,,,173,,,147,213,133,,,,323,80,,309,,,,,341,,,1727,938,82,,,,95,618,353,,570,267,,,114,260,,,,,,,,,,,278,,,,,3,54,,,907,,,,,,,,,,,,,,,,,,,,52,,,,,,,,,,,,,,,,,,,,,,,,,,,,,,,,,,,,,,,,,,48,,,,,,,,,,,,401,72,,,,,,337,408,317,,,,431,,,,,,,,,,,,,,,,,,,,,,,,,,,,,,,,,,,,,,,,,,,,,,,,,,,,,,,,,,,,,,,,,,,,,262,,,125,,,,,,383,,,,246,,,,,19,107,,282,,,,,,,107,,,,,,,,,,,,,139,,207,,,,,,,,,,,,,,,,,,,,,,797,78,,,,,325,,,,,,,,,,,,,,81,,,,,,,372,266,,,154,,228,191,,243,0,48,,0,39,186,27,211,0,247,210,0,0,0,0,0,,,0,0,,,,,,,,,,2302,,,,,,156,,,,,,,,,432,,,,,,,170,328,74,340,,,,,,,84,,,193,,,,,,,,,,,,,,,530,195,,,,,297,,
2025-05-01T22:30:01+00:00,,55,,,,,274,,,,,217,338,,,,,,,297,,,206,358,,,,,,,,,,,,,,,,,,,1022,,70,,,,,,7,41,,,,,,,,,,,,,,,,,45,,23,,,,56,,,,28,,,,,,,,,,483,,,,,115,,983,,,363,,,,1271,493,,450,230,,,165,,304,,,,,,,,,,,,,,,,,,,,,,174,,,146,214,134,,,,327,82,,311,,,,,349,,,1795,1027,81,,,,,620,352,,,268,,148,118,,,,,,,,,,,,,,,278,,,,,,,,,,,,,,,,,,,,,,,,,,51,,,,,,,,,,,,,,,,,,,,,,,,,,,,,,,,,,,,,,,,,,,,,,,510,,,,,,,,73,,,347,,,338,,329,,,,,,,,,,,,,,,,,,,,,,,,,,,,,,,,,,,,,,,,,,,,,,,,,,,,,,,,,,,,,,,,,,,,,,,,,,,,,,,76,,,,,,285,248,50,,,,,,,283,,,,,,,,,,,,,,,,,,,,,,,,,,,,,,,,,,,,,,,,,,,,798,,,,616,,324,,,,,,,,,,,,,,,,,,,,,373,,,,,,,,,,,,,,,,,,,,,,,,,,,,,,,,,,,,,,,,,,,,,,,,,,,779,,,435,,,,,,,,368,75,342,,,516,,381,,,311,,,,,,,,,,,,,,,,,533,200,,116,,,298,,
2025-05-01T22:30:02+00:00,,,,,,,,,,,,,,,,,,,,,,,,,,,,,,,,,,,,,,,,,,,,,,,,,,,,,,,,,,,,,,,,,,,,,,,,,,,,,,,,,,,,,,,,,,,,,,,,,,,,,,,,,,,,,,,,,,,,,,,,,,,,,,,,,,,,,,,,,,,,,,,,,,,,,,,,,,,,,,,,,,,,,,,,,,,,,,,,,,,,,,,,,,,,,,,,,,,,,,,,,,,,,,,,,,,,,,,,,,,,,,,,,,,,,,,,,,,,,,,,,,,,,,,,,,,,,,,,,,,,,,,,,,,,,,,,,,,,,,,,,,,,,,,,,,,,,,,,,,,,,,,,,,,,,,,,,,,,,,,,,,,,,,,,,,,,,,,,,,,,,,,,,,,,,,,,,,,,,,,,,,,,,,,,,,,,,,,,,,,,,,,,,,,,,,,,,,,,,,,,,,,,,,,,,,,,,,,,,,,,,,,,,,,,,,,,,,,,,,,,,,,,192,,244,,,,,,,,,,,,,,,,,,,,,,,,,,,,,,,,,,,,,,,,,,,,,,,,,,,,,,,,,,,,,,,,,,,,,,,,,,,,,,,,,,,,,,,,
2025-05-01T22:45:01+00:00,,,,,107,,288,,,98,,218,,,,620,,,242,,,,207,,,,,,,,,,,,,,,,,,,,1023,,71,,,,,,,,,,,,,,,,,,,,,,,37,,,26,,,,57,,,,,,,,,,,,170,,482,,,,,114,113,986,,627,,406,377,,1272,494,,,231,,,,,306,,,123,,,382,,350,161,,,,,,,,,,,,334,175,,,,,135,,,,333,83,,315,,,,,365,,,1799,1055,84,,,,98,621,351,,,270,,149,122,265,234,,,,,,,,,,,,155,,,4,,,,906,,,,,,,,,,,,,,,,,,,,53,,,,,,,,,,,,,,,,,,,,,,,,,,,,,,,,,,,,,,,,,,,,,,,513,,,,,,,,74,,,,,,,,338,,,,,,,,,,,,,,,,,,,,,,,,,,,,,,,,,,,,,,,,,,,,,,,,,,,,,,,,,,,,,,,,,,,,,,,,,263,,,,,,77,473,,,,,,,,206,,,,,,284,,,,,,,108,,319,,,,,,,,,,,,,,,,,,,,,,,,,,,,,,,,,,,799,,,,,,,,,,,,,,127,,,,,,83,,,339,127,,,377,267,,,,,230,,,,,,,,,,,,,,,,,,,,,,,,,478,,,,,,,,,,132,,,,,,,,,,,,,438,,,,,,,,387,,341,,,517,,382,,,312,,,,,,451,,235,,,,,,,,,536,201,,117,,767,302,,
2025-05-01T23:00:01+00:00,,54,,,,,290,,,,,,,,,,,,243,,,,211,360,,,,,,,,,,,,,,,,,,,,,,71,,,,,,42,,,,,,,,,,,,201,46,,,,46,,,,,,56,,,,,,,,,,,,172,304,484,,,,,,117,989,442,,,405,,,1274,495,158,452,,154,,,,,,,,,,,,,162,,,,,,,,,,,,,,,,,,136,,,,,86,,,,,,,371,,,1798,1060,,,,,,,,,,,,,,,,,,,,,,,,,,,156,,,,,,,907,,,,,,,,,,,,,,,,,,,,52,,,,,,,,,,,,,,,,,,,,,,,,,,,,,,,,,,,,,,,,,,,,,,,514,303,,,175,,,,,,,,,,339,,342,,,,,,1378,,,,,,,,,,,,,,,,,,,,,,,,,,,,,,,,,,,,,,,,,,,,,,,,,,,,,,,,,,,,,,,,,,,265,,,,,,,,,385,,,,,,,,,,,,285,,,,,,,,152,,,,,,,,,,,,,,,,,,,,,,,,,,,,,,,,,,,,801,,,,620,,,,,,,,,,128,,,,,,84,,,,,,,379,,,,,,229,,,,,,,,,,,,,,,,,,,,,,,,,,,,,,,,,,,,,,,,,234,,,,,,231,,,,,,,,,405,,343,,,,,,,,,,,,,,,307,,,,,,,,,,545,206,156,120,,,304,,
2025-05-01T23:15:01+00:00,,55,,209,,,297,,,99,361,,,,,,,,,,,,,,,,,,,,,,,,,411,,,,,,,1024,,,,,,,,,44,,,,,,,,,,,,,47,,,,45,,27,,,,58,,,,,,,,332,,,,171,305,,265,,,,116,,990,,,,,,,,494,,,233,,,,,,,,121,,,388,,347,161,,,,,,,,,,,,,176,,,149,,,,,,335,90,,316,,,,,381,,,1799,1066,83,,,,99,,350,,571,271,,,125,,235,,,,,,,,,,,,,,,,,,,,,,,,,,,,,,,,,,,,,,,53,,,,,,,,,,,,,,,,,,,,,,,,,,,,,,,,,,,,,,,,,,,,,,,513,,133,,,,,,,,,,,,,409,350,,,,,,,,,,,,,,,,,,,,,,,,,,,,,,,,,,,,,,,,,,,,,,,,,,,,,,,,,,,,,,,,,,,,,,,,,270,,,,,,,,,,,,284,,,,,,,,,,,,,,,,,153,,,,,,,431,,1061,238,,,,216,,,,,,,,,,,,,,,,,,,,,,803,,,,623,,,,,,,,,,,,,,,,,,,,,,,,,,,,,,193,,,,,,,,,,,,,,,,,,,,,,,,,,,,,,,,,59,,,,,,,,,,,,,,441,,,,289,,,,416,,,,,,,,,,313,,,,,,450,309,,,,,,,,,,,210,,123,,,303,,
2025-05-01T23:30:02+00:00,,,,,,,305,,,,,,,,,,,,,,,,213,,,,,,,,,,,,,,,,,,,,,,,72,,,,,,,143,,,,,,,,,,,,,,,,46,,26,,,,,,,,,,,,,6,,,172,306,483,,,,,114,,,,,364,,,,,,,,,,,,,,,,,,,393,,,,,,,,,,,,,,,333,177,,,,,,,,,,,,317,,,,,,,,1801,1067,,,,,,,,,,,,,,266,236,,,,,,,,,,,,,,,,58,,,,,,,,,,,,,,,,,,,,,,,,,,,,,,,,,,,,,,,,,,,,,,,,,,,,,,,,,,,,,,,,,,,,,,,,,,,,,,,,,,,,,,357,,,,,,,,,,,,,,,,,,,,,,,,,,,,,,,,,,,,,,,,,,,,,,,,,,,,,,,,,,,,,,,,,,,,,,,,,274,,,,,,78,,,,,,283,,,,,,20,,,,,,,,,,110,,,,,,,,,,,,,,,,,,,,,,,,,,,,,,,,,,,,,809,,322,,635,,,,,,,,,,,,,,,,,,,,126,,,,,,,155,,230,,709,,,,,,,,,,,,,,,,,,,,,,,,,,,,,,,,60,,,,,,,,,,,,,,444,,,,,,,,430,,,,,,,,,,,,,,423,,451,,236,,,,,,,,,,212,,,,,,,
2025-05-01T23:45:01+00:00,,,,210,,149,318,,,,,,,,,,,,,,,,,,,,,,,,,,,,,,,,,,,,,,70,,,,,,,,,,,,,,,,,,,,,,,,,,27,,,,,,,,,,,,,,,,,,,266,,,,116,118,991,,,,,,,1276,497,,454,235,,,,490,,,,,,,396,,348,162,,,,,,,,,,,,,,,,,,,,499,,,94,,,,,,,385,,,1802,1069,84,,,,,,,,,,,,,267,,,,,,,,,,,,,,,56,,,,,,,,,,,,,,,,,,,,,,,,,,,,,,,,,,,,,,,,,,,,,,,,,,,,,,,,,,,,,,,,,,,,,,,,512,,,,,,,,,,,,,,,,360,,,,,,,,,,,,,,,,,,,,,,,,,,,,,,,,,,,,,,,,,,,,,,,,,,,,,,,,,,,,,,,,,,,,,,,,,275,,,,,,77,472,,,,,,,,,,,,,,,,,,,,,111,,,,144,,,,,,,,,,,,,,,,,,,,,,,,,,,,,,,,,812,,,,646,,,,,,,,,,129,,,,,,,,,,,,,380,,,,,,,,,,0,48,,0,39,186,27,211,0,247,210,0,0,0,0,0,,,0,0,,,,,,,,,,,,,,,,,,,,,,,,,447,,,,,,,,437,,344,,,,,,,,,,,,,,,310,,,,317,,,,,,546,216,,124,,,,,
